A001 121.5139 25.0376    16.0 0 1 CWB  CSMT  FBA 3.2300E-04 3.2300E-04 3.2300E-04  1   0.0 20181122 99999999
A002 121.4669 25.1258    10.0 0 1 CWB  CSMT  FBA 3.2000E-04 3.2000E-04 3.2200E-04  1   0.0 20190220 99999999
A003 121.4571 25.0860    11.0 0 1 CWB  CSMT  FBA 2.4500E-04 2.4500E-04 2.4500E-04  1   0.0 20130415 99999999
A004 121.4828 25.1052     5.0 0 1 CWB  CSMT  FBA 2.4500E-04 2.4500E-04 2.4500E-04  1   0.0 20181122 99999999
A006 121.5152 25.0940     8.0 0 1 CWB  CSMT  FBA 3.2300E-04 3.2400E-04 3.2300E-04  1   0.0 20181122 99999999
A007 121.5168 25.0735     9.0 0 1 CWB  CSMT  FBA 3.2300E-04 3.2200E-04 3.2100E-04  1   0.0 20181122 99999999
A008 121.5360 25.0740     6.0 0 1 CWB  CSMT  FBA 3.2100E-04 3.2300E-04 3.2500E-04  1   0.0 20210512 99999999
A009 121.5811 25.0794    12.0 0 1 CWB  CSMT  FBA 3.2400E-04 3.2300E-04 3.2300E-04  1   0.0 20181122 99999999
A010 121.4779 25.0652     7.0 0 1 CWB  CSMT  FBA 2.4500E-04 2.4500E-04 2.4500E-04  1   0.0 20181122 99999999
A013 121.5337 25.0565    14.0 0 1 CWB  CSMT  FBA 3.2400E-04 3.2400E-04 3.2300E-04  1   0.0 20181126 99999999
A014 121.5522 25.0565    16.0 0 1 CWB  CSMT  FBA 3.2400E-04 3.2400E-04 3.1500E-04  1   0.0 20181126 99999999
A015 121.5794 25.0504    14.0 0 1 CWB  CSMT  FBA 2.4500E-04 2.4500E-04 2.4500E-04  1   0.0 20181126 99999999
A016 121.4311 25.0616    27.0 0 1 CWB  CSMT  FBA 2.4500E-04 2.4500E-04 2.4500E-04  1   0.0 20181126 99999999
A020 121.5344 25.0376    14.0 0 1 CWB  CSMT  FBA 3.2300E-04 3.2400E-04 3.2300E-04  1   0.0 20181126 99999999
A024 121.4747 25.0192    14.0 0 1 CWB  CSMT  FBA 2.4500E-04 2.4500E-04 2.4500E-04  1   0.0 20181126 99999999
A025 121.4980 25.0228    11.0 0 1 CWB  CSMT  FBA 3.2200E-04 3.2400E-04 3.2400E-04  1   0.0 20181126 99999999
A026 121.5114 25.0157    17.0 0 1 CWB  CSMT  FBA 2.4500E-04 2.4500E-04 2.4500E-04  1   0.0 20181126 99999999
A030 121.5387 24.9979    21.0 0 1 CWB  CSMT  FBA 3.1900E-04 3.2000E-04 3.2200E-04  1   0.0 20190213 99999999
A032 121.4828 24.9996    18.0 0 1 CWB  CSMT  FBA 2.4500E-04 2.4500E-04 2.4500E-04  1   0.0 20181126 99999999
A034 121.5391 24.9536    48.0 0 1 CWB  CSMT  FBA 2.4500E-04 2.4500E-04 2.4500E-04  1   0.0 20171124 99999999
A036 121.5535 24.9023    74.0 0 1 CWB  CSMT  FBA 3.2200E-04 3.2400E-04 3.2200E-04  1   0.0 20181126 99999999
A037 121.4416 25.0343    11.0 0 1 CWB  CSMT  FBA 2.4500E-04 2.4500E-04 2.4500E-04  1   0.0 20220804 99999999
A038 121.4186 25.0224    16.0 0 1 CWB  CSMT  FBA 2.4500E-04 2.4500E-04 2.4500E-04  1   0.0 20181129 99999999
A039 121.3696 24.9350    43.0 0 1 CWB  CSMT  FBA 2.4500E-04 2.4500E-04 2.4500E-04  1   0.0 20181129 99999999
A043 121.4181 24.9897    20.0 0 1 CWB  CSMT  FBA 2.4500E-04 2.4500E-04 2.4500E-04  1   0.0 20181129 99999999
A044 121.4021 24.9755    54.0 0 1 CWB  CSMT  FBA 2.4500E-04 2.4500E-04 2.4500E-04  1   0.0 20220513 99999999
A045 121.8231 25.1094    93.0 0 1 CWB  CSMT  FBA 2.4500E-04 2.4500E-04 2.4500E-04  1   0.0 20211207 20221115
A045 121.8231 25.1094    93.0 0 1 CWB  CSMT  FBA 2.4500E-04 2.4500E-04 2.4500E-04  1   0.0 20221115 99999999
A046 121.7771 25.1024    47.0 0 1 CWB  CSMT  FBA 2.4500E-04 2.4500E-04 2.4500E-04  1   0.0 20181129 99999999
A047 121.3446 24.9519    59.0 0 1 CWB  CSMT  FBA 2.4500E-04 2.4500E-04 2.4500E-04  1   0.0 20181129 99999999
A049 121.4454 25.1469    19.0 0 1 CWB  CSMT  FBA 2.4500E-04 2.4500E-04 2.4500E-04  1   0.0 20181129 99999999
A050 121.4042 25.1499    13.0 0 1 CWB  CSMT  FBA 2.4500E-04 2.4500E-04 2.4500E-04  1   0.0 20211228 99999999
A051 121.4493 25.0997    17.0 0 1 CWB  CSMT  FBA 2.4500E-04 2.4500E-04 2.4500E-04  1   0.0 20181002 99999999
A052 121.3897 25.0801   249.0 0 1 CWB  CSMT  FBA 2.4500E-04 2.4500E-04 2.4500E-04  1   0.0 20181130 99999999
A053 121.5251 24.9596    22.0 0 1 CWB  CSMT  FBA 3.2200E-04 3.2400E-04 3.2300E-04  1   0.0 20221114 99999999
A054 121.4418 24.9975    15.0 0 1 CWB  CSMT  FBA 3.2200E-04 3.2100E-04 3.2000E-04  1   0.0 20181130 20221226
A057 121.6942 25.0799    20.0 0 1 CWB  CSMT  FBA 2.4500E-04 2.4500E-04 2.4500E-04  1   0.0 20181130 99999999
A059 121.6936 25.1558    73.0 0 1 CWB  CSMT  FBA 2.4500E-04 2.4500E-04 2.4500E-04  1   0.0 20181130 99999999
A060 121.7303 25.1550    54.0 0 1 CWB  CSMT  FBA 2.4500E-04 2.4500E-04 2.4500E-04  1   0.0 20181130 99999999
A061 121.7608 25.1316    45.0 0 1 CWB  CSMT  FBA 2.4500E-04 2.4500E-04 2.4500E-04  1   0.0 20181130 20221122
A061 121.7608 25.1316    45.0 0 1 CWB  CSMT  FBA 2.4500E-04 2.4500E-04 2.4500E-04  1   0.0 20221214 99999999
A063 121.7382 25.1055    47.0 0 1 CWB  CSMT  FBA 2.4500E-04 2.4500E-04 2.4500E-04  1   0.0 20181130 99999999
A065 121.7733 25.1493    26.0 0 1 CWB  CSMT  FBA 3.2300E-04 3.2200E-04 3.2300E-04  1   0.0 20181130 99999999
A066 121.5293 25.1828   834.0 0 1 CWB  CSMT  FBA 3.2500E-04 3.2300E-04 3.2300E-04  1   0.0 20181130 99999999
A067 121.5922 24.9779   292.0 0 1 CWB  CSMT  FBA 3.2400E-04 3.2300E-04 3.2300E-04  1   0.0 20181130 99999999
A069 121.9972 25.0068   122.0 0 1 CWB  CSMT  FBA 3.2100E-04 3.2200E-04 3.2200E-04  1   0.0 20181130 99999999
A070 121.9197 25.1218    39.0 0 1 CWB  CSMT  FBA 2.4500E-04 2.4500E-04 2.4500E-04  1   0.0 20211119 99999999
A071 121.6167 25.0017    45.0 0 1 CWB  CSMT  FBA 2.4500E-04 2.4500E-04 2.4500E-04  1   0.0 20181130 99999999
A072 121.6587 24.9906   111.0 0 1 CWB  CSMT  FBA 2.4500E-04 2.4500E-04 2.4500E-04  1   0.0 20181130 99999999
A075 121.7366 25.0277   228.0 0 1 CWB  CSMT  FBA 2.4500E-04 2.4500E-04 2.4500E-04  1   0.0 20181018 20220810
A075 121.7366 25.0277   228.0 0 1 CWB  CSMT  FBA 2.4500E-04 2.4500E-04 2.4500E-04  1   0.0 20220810 20221026
A075 121.7366 25.0277   228.0 0 1 CWB  CSMT  FBA 2.4500E-04 2.4500E-04 2.4500E-04  1   0.0 20221026 99999999
A076 121.7782 25.0435   182.0 0 1 CWB  CSMT  FBA 3.2200E-04 3.1900E-04 3.2400E-04  1   0.0 20211227 99999999
A077 121.8512 25.0625    98.0 0 1 CWB  CSMT  FBA 3.2000E-04 3.2600E-04 3.2300E-04  1   0.0 20211227 99999999
A078 121.8666 25.0336    36.0 0 1 CWB  CSMT  FBA 2.4500E-04 2.4500E-04 2.4500E-04  1   0.0 20181130 20220923
A079 121.9147 25.0219    25.0 0 1 CWB  CSMT  FBA 3.1800E-04 3.2000E-04 3.2100E-04  1   0.0 20211119 99999999
A082 121.9258 25.0550    15.0 0 1 CWB  CSMT  FBA 3.2100E-04 3.2400E-04 3.2200E-04  1   0.0 20211223 99999999
A083 121.5027 25.2580    73.0 0 1 CWB  CSMT  FBA 2.4500E-04 2.4500E-04 2.4500E-04  1   0.0 20181203 99999999
A084 121.6373 25.2226    13.0 0 1 CWB  CSMT  FBA 2.4500E-04 2.4500E-04 2.4500E-04  1   0.0 20181203 20201231
A084 121.6373 25.2226    13.0 0 1 CWB  CSMT  FBA 2.4500E-04 2.4500E-04 2.4500E-04  1   0.0 20201231 99999999
A085 121.7122 24.9383   205.0 0 1 CWB  CSMT  FBA 2.4500E-04 2.4500E-04 2.4500E-04  1   0.0 20181203 99999999
A087 121.4234 25.1015   104.0 0 1 CWB  CSMT  FBA 3.2300E-04 3.2200E-04 3.2000E-04  1   0.0 20181203 99999999
A103 121.7814 25.0715   728.0 0 1 CWB  CSMT  FBA 3.2100E-04 3.2100E-04 3.2200E-04  1   0.0 20181203 99999999
A107 121.7407 25.1328     9.0 0 1 CWB  CSMT  FBA 3.2100E-04 3.2100E-04 3.2100E-04  1   0.0 20181203 99999999
A109 121.5692 25.0408    10.0 0 1 CWB  CSMT  FBA 3.2400E-04 3.2300E-04 3.2400E-04  1   0.0 20181203 99999999
A111 121.7462 25.1304    11.0 0 1 CWB  CSMT  FBA 3.2100E-04 3.2200E-04 3.2200E-04  1   0.0 20210906 99999999
A112 122.0798 25.6281   102.0 0 1 CWB  CSMT  FBA 3.2300E-04 3.2300E-04 3.2300E-04  1   0.0 20181203 99999999
A114 121.6606 25.2021    17.0 0 1 CWB  CSMT  FBA 3.1900E-04 3.2300E-04 3.2100E-04  1   0.0 20190227 99999999
A115 121.4650 24.9899    18.0 0 1 CWB  CSMT  FBA 2.4500E-04 2.4500E-04 2.4500E-04  1   0.0 20181203 99999999
A119 121.5415 24.9834    24.0 0 1 CWB  CSMT  FBA 3.2200E-04 3.2500E-04 3.2400E-04  1   0.0 20211129 99999999
A122 121.6078 25.2724    55.0 0 1 CWB  CSMT  FBA 3.2400E-04 3.2300E-04 3.2500E-04  1   0.0 20181203 99999999
A123 121.5886 25.2878    21.0 0 1 CWB  CSMT  FBA 3.2200E-04 3.2200E-04 3.2400E-04  1   0.0 20190227 99999999
A124 121.5534 24.8637   146.0 0 1 CWB  CSMT  FBA 2.4500E-04 2.4500E-04 2.4500E-04  1   0.0 20181018 99999999
A125 121.6549 25.0677    18.0 0 1 CWB  CSMT  FBA 2.4500E-04 2.4500E-04 2.4500E-04  1   0.0 20181203 99999999
A127 121.8255 24.9719   399.0 0 1 CWB  CSMT  FBA 3.2300E-04 3.2400E-04 3.2300E-04  1   0.0 20190307 20220219
A127 121.8255 24.9719   399.0 0 1 CWB  CSMT  FBA 3.2300E-04 3.2400E-04 3.2300E-04  1   0.0 20220219 99999999
A128 121.4492 25.1644    21.0 0 1 CWB  CSMT  FBA 3.2200E-04 3.2400E-04 3.2100E-04  1   0.0 20190305 20200617
A128 121.4492 25.1644    21.0 0 1 CWB  CSMT  FBA 3.2200E-04 3.2400E-04 3.2100E-04  1   0.0 20200617 99999999
A129 121.5024 24.7772   409.0 0 1 CWB  CSMT  FBA 3.2300E-04 3.1800E-04 3.2200E-04  1   0.0 20190315 20200617
A129 121.5024 24.7772   409.0 0 1 CWB  CSMT  FBA 3.2300E-04 3.1800E-04 3.2200E-04  1   0.0 20200617 20211125
A130 121.5446 25.1623   616.0 0 1 CWB  CSMT  FBA 3.1800E-04 3.2200E-04 3.2400E-04  1   0.0 20190225 20200617
A130 121.5446 25.1623   616.0 0 1 CWB  CSMT  FBA 3.1800E-04 3.2200E-04 3.2400E-04  1   0.0 20200617 99999999
A131 121.6101 25.0582    12.0 0 1 CWB  CSMT  FBA 3.2100E-04 3.2000E-04 3.2200E-04  1   0.0 20190605 99999999
A133 121.4272 25.0743   196.0 0 1 CWB  CSMT  FBA 3.2300E-04 3.2200E-04 3.2200E-04  1   0.0 20200115 20220729
A133 121.4272 25.0743   196.0 0 1 CWB  CSMT  FBA 3.2300E-04 3.2300E-04 3.2500E-04  1   0.0 20220729 99999999
A134 121.8630 25.0349    27.0 0 1 CWB  CSMT  FBA 3.2300E-04 3.1800E-04 3.2200E-04  1   0.0 20220316 99999999
A138 121.8044 25.0156   100.0 0 1 CWB  CSMT  FBA 2.4500E-04 2.4500E-04 2.4500E-04  1   0.0 20221026 99999999
B003 121.1432 25.0456    56.0 0 1 CWB  CSMT  FBA 2.4500E-04 2.4500E-04 2.4500E-04  1   0.0 20181203 99999999
B004 121.2030 25.0601    36.0 0 1 CWB  CSMT  FBA 2.4500E-04 2.4500E-04 2.4500E-04  1   0.0 20181203 99999999
B006 121.1493 24.9095   165.0 0 1 CWB  CSMT  FBA 2.4500E-04 2.4500E-04 2.4500E-04  1   0.0 20181203 99999999
B011 121.2865 24.8841    20.0 0 1 CWB  CSMT  FBA 2.4500E-04 2.4500E-04 2.4500E-04  1   0.0 20181205 99999999
B012 121.2987 24.9361   140.0 0 1 CWB  CSMT  FBA 2.4500E-04 2.4500E-04 2.4500E-04  1   0.0 20180926 99999999
B013 121.2134 24.8640   234.0 0 1 CWB  CSMT  FBA 2.4500E-04 2.4500E-04 2.4500E-04  1   0.0 20181205 99999999
B014 121.3153 25.0448   104.0 0 1 CWB  CSMT  FBA 2.4500E-04 2.4500E-04 2.4500E-04  1   0.0 20181205 99999999
B016 120.9656 24.8145    22.0 0 1 CWB  CSMT  FBA 2.4500E-04 2.4500E-04 2.4500E-04  1   0.0 20180913 99999999
B017 121.0181 24.7786    91.0 0 1 CWB  CSMT  FBA 3.2300E-04 3.2300E-04 3.1600E-04  1   0.0 20181205 99999999
B018 121.0608 24.8786   110.0 0 1 CWB  CSMT  FBA 2.4500E-04 2.4500E-04 2.4500E-04  1   0.0 20181205 99999999
B019 120.9874 24.9006    22.0 0 1 CWB  CSMT  FBA 2.4500E-04 2.4500E-04 2.4500E-04  1   0.0 20181205 99999999
B021 121.1740 24.7919   141.0 0 1 CWB  CSMT  FBA 2.4500E-04 2.4500E-04 2.4500E-04  1   0.0 20181205 99999999
B022 120.9899 24.7672    51.0 0 1 CWB  CSMT  FBA 2.4500E-04 2.4500E-04 2.4500E-04  1   0.0 20181206 99999999
B023 121.1399 24.7200   177.0 0 1 CWB  CSMT  FBA 2.4500E-04 2.4500E-04 2.4500E-04  1   0.0 20180913 99999999
B024 121.0881 24.7357   131.0 0 1 CWB  CSMT  FBA 3.2300E-04 3.2400E-04 3.2100E-04  1   0.0 20181206 99999999
B026 121.0837 24.7736   100.0 0 1 CWB  CSMT  FBA 2.4500E-04 2.4500E-04 2.4500E-04  1   0.0 20181203 99999999
B027 121.0745 24.8301    80.0 0 1 CWB  CSMT  FBA 2.4500E-04 2.4500E-04 2.4500E-04  1   0.0 20181206 99999999
B028 121.0535 24.7001   129.0 0 1 CWB  CSMT  FBA 2.4500E-04 2.4500E-04 2.4500E-04  1   0.0 20181206 99999999
B029 120.7577 24.5578    36.0 0 1 CWB  CSMT  FBA 2.4500E-04 2.4500E-04 2.4500E-04  1   0.0 20180910 99999999
B030 120.8852 24.5863    68.0 0 1 CWB  CSMT  FBA 2.4500E-04 2.4500E-04 2.4500E-04  1   0.0 20181206 99999999
B032 120.8226 24.5220    78.0 0 1 CWB  CSMT  FBA 2.4500E-04 2.4500E-04 2.4500E-04  1   0.0 20180910 99999999
B033 120.8703 24.6836    11.0 0 1 CWB  CSMT  FBA 3.2000E-04 3.2300E-04 3.2000E-04  1   0.0 20181206 99999999
B034 120.8653 24.6381    20.0 0 1 CWB  CSMT  FBA 2.4500E-04 2.4500E-04 2.4500E-04  1   0.0 20180910 99999999
B035 120.7970 24.6141    13.0 0 1 CWB  CSMT  FBA 2.4500E-04 2.4500E-04 2.4500E-04  1   0.0 20180910 99999999
B036 120.7049 24.4469   134.0 0 1 CWB  CSMT  FBA 3.2200E-04 3.2300E-04 3.2100E-04  1   0.0 20181206 99999999
B037 120.6837 24.4919    33.0 0 1 CWB  CSMT  FBA 2.4500E-04 2.4500E-04 2.4500E-04  1   0.0 20181206 99999999
B039 120.7908 24.4897   160.0 0 1 CWB  CSMT  FBA 2.4500E-04 2.4500E-04 2.4500E-04  1   0.0 20181206 99999999
B041 120.6956 24.3898    95.0 0 1 CWB  CSMT  FBA 2.4500E-04 2.4500E-04 2.4500E-04  1   0.0 20180911 99999999
B043 120.9598 24.6866    88.0 0 1 CWB  CSMT  FBA 2.4500E-04 2.4500E-04 2.4500E-04  1   0.0 20181206 99999999
B045 120.9205 24.5399   201.0 0 1 CWB  CSMT  FBA 2.4500E-04 2.4500E-04 2.4500E-04  1   0.0 20180911 99999999
B048 120.5971 24.1781   192.0 0 1 CWB  CSMT  FBA 2.4500E-04 2.4500E-04 2.4500E-04  1   0.0 20220704 99999999
B049 120.6997 24.1773   134.0 0 1 CWB  CSMT  FBA 2.4500E-04 2.4500E-04 2.4500E-04  1   0.0 20181018 99999999
B050 120.6417 24.1799   100.0 0 1 CWB  CSMT  FBA 2.4500E-04 2.4500E-04 2.4500E-04  1   0.0 20180912 20220804
B050 120.6417 24.1799   100.0 0 1 CWB  CSMT  FBA 2.4500E-04 2.4500E-04 2.4500E-04  1   0.0 20220930 20221121
B050 120.6417 24.1799   100.0 0 1 CWB  CSMT  FBA 2.4500E-04 2.4500E-04 2.4500E-04  1   0.0 20221121 99999999
B051 120.6597 24.1598    96.0 0 1 CWB  CSMT  FBA 2.4500E-04 2.4500E-04 2.4500E-04  1   0.0 20181206 99999999
B052 120.7480 24.1959   218.0 0 1 CWB  CSMT  FBA 3.2500E-04 3.2000E-04 3.2000E-04  1   0.0 20220704 99999999
B053 120.6788 24.1917   137.0 0 1 CWB  CSMT  FBA 2.4500E-04 2.4500E-04 2.4500E-04  1   0.0 20181206 99999999
B056 120.6335 24.1570    77.0 0 1 CWB  CSMT  FBA 2.4500E-04 2.4500E-04 2.4500E-04  1   0.0 20181206 20221125
B056 120.6335 24.1570    77.0 0 1 CWB  CSMT  FBA 2.4500E-04 2.4500E-04 2.4500E-04  1   0.0 20221125 99999999
B059 120.5718 24.2670     9.0 0 1 CWB  CSMT  FBA 2.4500E-04 2.4500E-04 2.4500E-04  1   0.0 20181008 99999999
B060 120.6503 24.2219   139.0 0 1 CWB  CSMT  FBA 2.4500E-04 2.4500E-04 2.4500E-04  1   0.0 20180920 99999999
B061 120.5569 24.1345    38.0 0 1 CWB  CSMT  FBA 2.4500E-04 2.4500E-04 2.4500E-04  1   0.0 20181004 99999999
B062 120.6842 24.1149    65.0 0 1 CWB  CSMT  FBA 2.4500E-04 2.4500E-04 2.4500E-04  1   0.0 20180921 99999999
B063 120.6238 24.1078    34.0 0 1 CWB  CSMT  FBA 2.4500E-04 2.4500E-04 2.4500E-04  1   0.0 20180911 99999999
B064 120.6194 24.3446    50.0 0 1 CWB  CSMT  FBA 3.2200E-04 3.2200E-04 3.2200E-04  1   0.0 20220407 99999999
B066 120.7043 24.2138   174.0 0 1 CWB  CSMT  FBA 2.4500E-04 2.4500E-04 2.4500E-04  1   0.0 20180927 99999999
B067 120.7282 24.0900    98.0 0 1 CWB  CSMT  FBA 3.1900E-04 3.2200E-04 3.2300E-04  1   0.0 20220704 99999999
B068 120.7732 24.2760   283.0 0 1 CWB  CSMT  FBA 2.4500E-04 2.4500E-04 2.4500E-04  1   0.0 20181001 99999999
B069 120.8310 24.2596   360.0 0 1 CWB  CSMT  FBA 2.4500E-04 2.4500E-04 2.4500E-04  1   0.0 20181009 99999999
B070 120.5475 24.1964    11.0 0 1 CWB  CSMT  FBA 2.4500E-04 2.4500E-04 2.4500E-04  1   0.0 20180911 99999999
B071 120.7952 23.9840   219.0 0 1 CWB  CSMT  FBA 2.4500E-04 2.4500E-04 2.4500E-04  1   0.0 20180921 99999999
B073 120.9573 24.0124   465.0 0 1 CWB  CSMT  FBA 3.2300E-04 3.2200E-04 3.2100E-04  1   0.0 20181206 99999999
B077 120.7874 23.8272   235.0 0 1 CWB  CSMT  FBA 2.4500E-04 2.4500E-04 2.4500E-04  1   0.0 20180917 99999999
B078 120.8543 23.8096   289.0 0 1 CWB  CSMT  FBA 2.4500E-04 2.4500E-04 2.4500E-04  1   0.0 20180917 99999999
B081 121.0142 24.8281    34.0 0 1 CWB  CSMT  FBA 3.2200E-04 3.2100E-04 3.2300E-04  1   0.0 20081025 20171117
B081 121.0142 24.8283    31.0 0 1 CWB  CSMT  FBA 3.2200E-04 3.2100E-04 3.2300E-04  1   0.0 20171118 99999999
B082 120.6841 24.1456    89.0 0 1 CWB  CSMT  FBA 3.2300E-04 3.2100E-04 3.2200E-04  1   0.0 20181207 99999999
B083 121.1943 24.9674   144.0 0 1 CWB  CSMT  FBA 3.2000E-04 3.2000E-04 3.2100E-04  1   0.0 20181207 99999999
B084 120.9082 23.8813   999.0 0 1 CWB  CSMT  FBA 3.2000E-04 3.2300E-04 3.2000E-04  1   0.0 20181207 99999999
B085 121.3666 24.6737   685.0 0 1 CWB  CSMT  FBA 3.2200E-04 3.1900E-04 3.2200E-04  1   0.0 20160520 99999999
B086 120.2892 23.8617     4.0 0 1 CWB  CSMT  FBA 3.2300E-04 3.2200E-04 3.2400E-04  1   0.0 20181207 99999999
B087 120.7809 24.3465   286.0 0 1 CWB  CSMT  FBA 3.2300E-04 3.2300E-04 3.2300E-04  1   0.0 20181207 99999999
B088 121.1618 24.2495  1496.0 0 1 CWB  CSMT  FBA 3.2400E-04 3.2400E-04 3.2600E-04  1   0.0 20181207 99999999
B089 120.8698 23.9050   659.0 0 1 CWB  CSMT  FBA 3.2200E-04 3.2200E-04 3.2200E-04  1   0.0 20181207 99999999
B090 120.6559 23.6462   241.0 0 1 CWB  CSMT  FBA 2.4500E-04 2.4500E-04 2.4500E-04  1   0.0 20181207 99999999
B095 121.0199 24.6888   104.0 0 1 CWB  CSMT  FBA 2.4500E-04 2.4500E-04 2.4500E-04  1   0.0 20180913 99999999
B097 120.9274 24.7884    16.0 0 1 CWB  CSMT  FBA 2.4500E-04 2.4500E-04 2.4500E-04  1   0.0 20181207 99999999
B099 120.6993 24.1364    85.0 0 1 CWB  CSMT  FBA 2.4500E-04 2.4500E-04 2.4500E-04  1   0.0 20181011 99999999
B102 120.7286 24.2470   231.0 0 1 CWB  CSMT  FBA 2.4500E-04 2.4500E-04 2.4500E-04  1   0.0 20181009 99999999
B103 120.7150 24.3075   223.0 0 1 CWB  CSMT  FBA 2.4500E-04 2.4500E-04 2.4500E-04  1   0.0 20181207 99999999
B104 120.6091 24.2443   212.0 0 1 CWB  CSMT  FBA 2.4500E-04 2.4500E-04 2.4500E-04  1   0.0 20180920 99999999
B105 120.5678 24.2381    29.0 0 1 CWB  CSMT  FBA 3.1800E-04 3.2100E-04 3.2200E-04  1   0.0 20221013 99999999
B107 120.5469 24.0718    21.0 0 1 CWB  CSMT  FBA 3.2000E-04 3.2400E-04 3.2500E-04  1   0.0 20180413 99999999
B110 120.5798 23.9604    33.0 0 1 CWB  CSMT  FBA 3.2200E-04 3.2500E-04 3.2500E-04  1   0.0 20181207 99999999
B111 120.4949 24.1120    13.0 0 1 CWB  CSMT  FBA 2.4500E-04 2.4500E-04 2.4500E-04  1   0.0 20170823 99999999
B112 120.4303 24.0552     8.0 0 1 CWB  CSMT  FBA 2.4500E-04 2.4500E-04 2.4500E-04  1   0.0 20181207 99999999
B115 120.4778 23.9579    24.0 0 1 CWB  CSMT  FBA 2.4500E-04 2.4500E-04 2.4500E-04  1   0.0 20181207 99999999
B116 120.5889 23.8556    49.0 0 1 CWB  CSMT  FBA 2.4500E-04 2.4500E-04 2.4500E-04  1   0.0 20181207 99999999
B117 120.4684 24.1324     6.0 0 1 CWB  CSMT  FBA 2.4500E-04 2.4500E-04 2.4500E-04  1   0.0 20181207 99999999
B118 120.4313 24.0004    11.0 0 1 CWB  CSMT  FBA 2.4500E-04 2.4500E-04 2.4500E-04  1   0.0 20181207 99999999
B120 120.6214 23.9774   238.0 0 1 CWB  CSMT  FBA 2.4500E-04 2.4500E-04 2.4500E-04  1   0.0 20180413 99999999
B121 120.4589 23.8945    25.0 0 1 CWB  CSMT  FBA 2.4500E-04 2.4500E-04 2.4500E-04  1   0.0 20181207 99999999
B122 120.6179 23.8118    85.0 0 1 CWB  CSMT  FBA 2.4500E-04 2.4500E-04 2.4500E-04  1   0.0 20181011 99999999
B123 120.5516 24.0161    21.0 0 1 CWB  CSMT  FBA 2.4500E-04 2.4500E-04 2.4500E-04  1   0.0 20181207 99999999
B127 121.0088 24.6296   173.0 0 1 CWB  CSMT  FBA 3.2300E-04 3.2300E-04 3.2300E-04  1   0.0 20181207 99999999
B128 120.7697 24.4144   299.0 0 1 CWB  CSMT  FBA 3.2100E-04 3.2100E-04 3.2200E-04  1   0.0 20181207 99999999
B129 120.6925 23.8766   113.0 0 1 CWB  CSMT  FBA 3.2300E-04 3.2300E-04 3.2200E-04  1   0.0 20181207 99999999
B130 121.2725 24.1434  3386.0 0 1 CWB  CSMT  FBA 3.2400E-04 3.2100E-04 3.2400E-04  1   0.0 20181207 99999999
B131 120.8258 24.5649    50.0 0 1 CWB  CSMT  FBA 3.2000E-04 3.2200E-04 3.2100E-04  1   0.0 20181207 20211006
B131 120.8258 24.5649    50.0 0 1 CWB  CSMT  FBA 3.2000E-04 3.2200E-04 3.2100E-04  1   0.0 20211006 99999999
B135 120.6533 24.3331   146.0 0 1 CWB  CSMT  FBA 2.4500E-04 2.4500E-04 2.4500E-04  1   0.0 20180910 99999999
B136 120.6587 24.2583   176.0 0 1 CWB  CSMT  FBA 2.4500E-04 2.4500E-04 2.4500E-04  1   0.0 20180920 20211220
B136 120.6604 24.2580   176.0 0 1 CWB  CSMT  FBA 2.4500E-04 2.4500E-04 2.4500E-04  1   0.0 20211220 99999999
B137 120.9301 24.1836   626.0 0 1 CWB  CSMT  FBA 2.4500E-04 2.4500E-04 2.4500E-04  1   0.0 20220601 99999999
B138 120.6028 23.9206    42.0 0 1 CWB  CSMT  FBA 2.4500E-04 2.4500E-04 2.4500E-04  1   0.0 20180918 99999999
B139 120.5483 23.9209    32.0 0 1 CWB  CSMT  FBA 2.4500E-04 2.4500E-04 2.4500E-04  1   0.0 20190326 99999999
B141 120.4713 23.8321    31.0 0 1 CWB  CSMT  FBA 2.4500E-04 2.4500E-04 2.4500E-04  1   0.0 20180919 99999999
B143 120.7632 23.8798   164.0 0 1 CWB  CSMT  FBA 2.4500E-04 2.4500E-04 2.4500E-04  1   0.0 20180926 99999999
B145 120.3444 23.9788     2.0 0 1 CWB  CSMT  FBA 2.4500E-04 2.4500E-04 2.4500E-04  1   0.0 20181005 99999999
B146 120.4913 24.1609     7.0 0 1 CWB  CSMT  FBA 2.4500E-04 2.4500E-04 2.4500E-04  1   0.0 20181003 20210531
B148 120.9277 23.9574   588.9 0 1 CWB  CSMT  FBA 3.2200E-04 3.2300E-04 3.2300E-04  1   0.0 20221229 99999999
B149 120.5232 24.2563     8.0 0 1 CWB  CSMT  FBA 3.2300E-04 3.2200E-04 3.2200E-04  1   0.0 20181207 99999999
B156 120.7192 24.2588   211.0 0 1 CWB  CSMT  FBA 3.2400E-04 3.1500E-04 3.2200E-04  1   0.0 20220427 99999999
B157 120.6981 24.0424    80.0 0 1 CWB  CSMT  FBA 3.2000E-04 3.2200E-04 3.2000E-04  1   0.0 20181207 99999999
B158 120.5360 24.0633    19.0 0 1 CWB  CSMT  FBA 3.2000E-04 3.2000E-04 3.2000E-04  1   0.0 20181207 20211006
B158 120.5360 24.0633    19.0 0 1 CWB  CSMT  FBA 3.2000E-04 3.2000E-04 3.2000E-04  1   0.0 20211006 99999999
B159 120.6802 23.9071   118.0 0 1 CWB  CSMT  FBA 3.2300E-04 3.2500E-04 3.2500E-04  1   0.0 20181207 99999999
B162 120.5212 23.8763    36.0 0 1 CWB  CSMT  FBA 2.4500E-04 2.4500E-04 2.4500E-04  1   0.0 20171115 99999999
B163 121.2976 24.9997    93.0 0 1 CWB  CSMT  FBA 3.2200E-04 3.2200E-04 3.2100E-04  1   0.0 20181207 99999999
B167 120.7685 23.6646  1660.0 0 1 CWB  CSMT  FBA 3.2100E-04 3.2000E-04 3.2300E-04  1   0.0 20181207 99999999
B168 121.0476 25.0067    21.0 0 1 CWB  CSMT  FBA 3.2400E-04 3.2400E-04 3.2300E-04  1   0.0 20181210 99999999
B169 120.9858 24.3979  1311.0 0 1 CWB  CSMT  FBA 3.2700E-04 3.2500E-04 3.2800E-04  1   0.0 20190218 99999999
B170 120.7198 24.1548   120.0 0 1 CWB  CSMT  FBA 2.4500E-04 2.4500E-04 2.4500E-04  1   0.0 20180912 99999999
B171 120.5878 24.3450    28.0 0 1 CWB  CSMT  FBA 2.4500E-04 2.4500E-04 2.4500E-04  1   0.0 20181008 99999999
B172 120.6820 24.1440    92.0 0 1 CWB  CSMT  FBA 2.4500E-04 2.4500E-04 2.4500E-04  1   0.0 20180912 99999999
B173 120.6565 24.1113    50.0 0 1 CWB  CSMT  FBA 2.4500E-04 2.4500E-04 2.4500E-04  1   0.0 20180927 99999999
B174 120.8055 24.2269   478.0 0 1 CWB  CSMT  FBA 2.4500E-04 2.4500E-04 2.4500E-04  1   0.0 20181001 99999999
B175 121.2043 24.9538   140.0 0 1 CWB  CSMT  FBA 2.4500E-04 2.4500E-04 2.4500E-04  1   0.0 20180925 99999999
B176 121.2583 25.0250    75.0 0 1 CWB  CSMT  FBA 2.4500E-04 2.4500E-04 2.4500E-04  1   0.0 20180925 99999999
B177 120.9549 24.6561    89.0 0 1 CWB  CSMT  FBA 2.4500E-04 2.4500E-04 2.4500E-04  1   0.0 20180911 99999999
B178 120.4123 24.0277     9.0 0 1 CWB  CSMT  FBA 2.4500E-04 2.4500E-04 2.4500E-04  1   0.0 20181003 99999999
B179 120.5039 24.0340    19.0 0 1 CWB  CSMT  FBA 2.4500E-04 2.4500E-04 2.4500E-04  1   0.0 20180913 99999999
B180 120.5458 23.9926    25.0 0 1 CWB  CSMT  FBA 2.4500E-04 2.4500E-04 2.4500E-04  1   0.0 20180913 99999999
B181 120.5456 23.9535    27.0 0 1 CWB  CSMT  FBA 2.4500E-04 2.4500E-04 2.4500E-04  1   0.0 20180918 99999999
B182 120.5274 23.8923    37.0 0 1 CWB  CSMT  FBA 2.4500E-04 2.4500E-04 2.4500E-04  1   0.0 20180918 99999999
B183 120.4163 23.8759    21.0 0 1 CWB  CSMT  FBA 2.4500E-04 2.4500E-04 2.4500E-04  1   0.0 20180919 99999999
B184 120.7525 23.7492   496.0 0 1 CWB  CSMT  FBA 2.4500E-04 2.4500E-04 2.4500E-04  1   0.0 20180926 99999999
B185 120.8718 24.4228   317.0 0 1 CWB  CSMT  FBA 3.2500E-04 3.2400E-04 3.2700E-04  1   0.0 20190219 99999999
B186 121.3314 24.7990   335.0 0 1 CWB  CSMT  FBA 3.2300E-04 3.2100E-04 3.2300E-04  1   0.0 20190219 99999999
B187 120.9248 24.6620   102.0 0 1 CWB  CSMT  FBA 3.2200E-04 3.2200E-04 3.1800E-04  1   0.0 20190212 99999999
B188 121.3080 24.3377  1937.0 0 1 CWB  CSMT  FBA 3.2400E-04 3.2400E-04 3.2600E-04  1   0.0 20190312 99999999
B189 120.8948 24.1707   540.0 0 1 CWB  CSMT  FBA 3.2200E-04 3.2100E-04 3.2200E-04  1   0.0 20190305 99999999
B190 120.3201 23.9220     7.0 0 1 CWB  CSMT  FBA 3.2400E-04 3.2400E-04 3.2000E-04  1   0.0 20190315 99999999
B191 121.1724 24.0821  2211.0 0 1 CWB  CSMT  FBA 3.2400E-04 3.2300E-04 3.2300E-04  1   0.0 20190314 99999999
B192 121.0804 25.0410    14.0 0 1 CWB  CSMT  FBA 3.2100E-04 3.2300E-04 3.2200E-04  1   0.0 20190221 99999999
B193 121.0864 24.5788  1108.0 0 1 CWB  CSMT  FBA 3.2300E-04 3.2100E-04 3.2100E-04  1   0.0 20190304 99999999
B194 120.8870 23.4814  2634.0 0 1 CWB  CSMT  FBA 3.2300E-04 3.2100E-04 3.2200E-04  1   0.0 20190320 99999999
B195 121.2956 24.6071  1485.0 0 1 CWB  CSMT  FBA 3.2400E-04 3.2200E-04 3.2300E-04  1   0.0 20190321 99999999
B196 120.8851 23.6075   898.0 0 1 CWB  CSMT  FBA 3.2300E-04 3.2400E-04 3.2500E-04  1   0.0 20190321 99999999
B197 121.0164 24.6468   344.0 0 1 CWB  CSMT  FBA 3.2100E-04 3.2200E-04 3.2500E-04  1   0.0 20190318 20220219
B197 121.0164 24.6468   344.0 0 1 CWB  CSMT  FBA 3.2100E-04 3.2200E-04 3.2500E-04  1   0.0 20220219 99999999
B198 120.9264 24.0334   639.0 0 1 CWB  CSMT  FBA 3.2100E-04 3.1900E-04 3.2000E-04  1   0.0 20190321 20220219
B198 120.9264 24.0334   639.0 0 1 CWB  CSMT  FBA 3.2100E-04 3.1900E-04 3.2000E-04  1   0.0 20220219 99999999
B199 120.7278 23.8218   179.0 0 1 CWB  CSMT  FBA 3.2100E-04 3.2100E-04 3.2200E-04  1   0.0 20190211 20200617
B199 120.7278 23.8218   179.0 0 1 CWB  CSMT  FBA 3.2100E-04 3.2100E-04 3.2200E-04  1   0.0 20200617 99999999
B200 120.7908 24.5373   177.0 0 1 CWB  CSMT  FBA 3.2200E-04 3.2200E-04 3.2500E-04  1   0.0 20190213 20200617
B200 120.7908 24.5373   177.0 0 1 CWB  CSMT  FBA 3.2200E-04 3.2200E-04 3.2500E-04  1   0.0 20200617 99999999
B201 120.5582 24.0794    43.0 0 1 CWB  CSMT  FBA 3.2200E-04 3.2200E-04 3.1900E-04  1   0.0 20190221 20200617
B201 120.5582 24.0794    43.0 0 1 CWB  CSMT  FBA 3.2200E-04 3.2200E-04 3.1900E-04  1   0.0 20200617 99999999
B202 121.1758 23.9545  1252.0 0 1 CWB  CSMT  FBA 3.2300E-04 3.2300E-04 3.2300E-04  1   0.0 20190326 20200617
B202 121.1758 23.9545  1252.0 0 1 CWB  CSMT  FBA 3.2300E-04 3.2300E-04 3.2300E-04  1   0.0 20200617 99999999
B203 120.9458 24.2777   947.0 0 1 CWB  CSMT  FBA 3.2300E-04 3.1900E-04 3.2000E-04  1   0.0 20190304 20200617
B203 120.9458 24.2777   947.0 0 1 CWB  CSMT  FBA 3.2300E-04 3.1900E-04 3.2000E-04  1   0.0 20200617 99999999
B204 120.8532 23.6961   495.0 0 1 CWB  CSMT  FBA 3.2100E-04 3.2100E-04 3.2400E-04  1   0.0 20190320 20200617
B204 120.8532 23.6961   495.0 0 1 CWB  CSMT  FBA 3.2100E-04 3.2100E-04 3.2400E-04  1   0.0 20200617 99999999
B205 120.6403 24.3478    99.0 0 1 CWB  CSMT  FBA 3.2400E-04 3.2300E-04 3.1800E-04  1   0.0 20190220 20200617
B205 120.6403 24.3478    99.0 0 1 CWB  CSMT  FBA 3.2400E-04 3.2300E-04 3.1800E-04  1   0.0 20200617 99999999
B206 121.2438 24.2476  2223.0 0 1 CWB  CSMT  FBA 3.2200E-04 3.2200E-04 3.1900E-04  1   0.0 20190313 20200617
B206 121.2438 24.2476  2223.0 0 1 CWB  CSMT  FBA 3.2200E-04 3.2200E-04 3.1900E-04  1   0.0 20200617 99999999
B207 120.9117 24.0566   364.0 0 1 CWB  CSMT  FBA 3.2000E-04 3.2200E-04 3.2100E-04  1   0.0 20190226 20200617
B207 120.9117 24.0566   364.0 0 1 CWB  CSMT  FBA 3.2000E-04 3.2200E-04 3.2100E-04  1   0.0 20200617 99999999
B208 120.3781 23.9026    14.0 0 1 CWB  CSMT  FBA 3.2400E-04 3.2200E-04 3.2600E-04  1   0.0 20190115 20200617
B208 120.3781 23.9026    14.0 0 1 CWB  CSMT  FBA 3.2400E-04 3.2200E-04 3.2600E-04  1   0.0 20200617 99999999
B209 121.1177 24.6319   438.0 0 1 CWB  CSMT  FBA 3.2200E-04 3.2500E-04 3.2100E-04  1   0.0 20190214 20200617
B209 121.1177 24.6319   438.0 0 1 CWB  CSMT  FBA 3.2200E-04 3.2500E-04 3.2100E-04  1   0.0 20200617 99999999
B210 121.1752 24.7771   139.0 0 1 CWB  CSMT  FBA 3.2100E-04 3.2300E-04 3.2100E-04  1   0.0 20190218 20200617
B210 121.1752 24.7771   139.0 0 1 CWB  CSMT  FBA 3.2100E-04 3.2300E-04 3.2100E-04  1   0.0 20200617 99999999
B214 120.5814 23.8741    68.0 0 1 CWB  CSMT  FBA 3.2400E-04 3.2300E-04 3.2400E-04  1   0.0 20200715 99999999
B215 121.4273 24.6993  1695.0 0 1 CWB  CSMT  FBA 2.4500E-04 2.4500E-04 2.4500E-04  1   0.0 20211206 20220915
B215 121.4273 24.6993  1695.0 0 1 CWB  CSMT  FBA 2.4500E-04 2.4500E-04 2.4500E-04  1   0.0 20220915 99999999
B216 120.4965 24.1457    23.0 0 1 CWB  CSMT  FBA 2.4500E-04 2.4500E-04 2.4500E-04  1   0.0 20220325 99999999
C001 120.2491 23.7046     8.0 0 1 CWB  CSMT  FBA 2.4500E-04 2.4500E-04 2.4500E-04  1   0.0 20181112 99999999
C002 120.4201 23.7168    27.0 0 1 CWB  CSMT  FBA 2.4500E-04 2.4500E-04 2.4500E-04  1   0.0 20181112 20220207
C002 120.4201 23.7168    27.0 0 1 CWB  CSMT  FBA 2.4500E-04 2.4500E-04 2.4500E-04  1   0.0 20220207 20220927
C002 120.4201 23.7168    27.0 0 1 CWB  CSMT  FBA 2.4500E-04 2.4500E-04 2.4500E-04  1   0.0 20220927 99999999
C003 120.5385 23.7149    52.0 0 1 CWB  CSMT  FBA 3.2300E-04 3.2200E-04 3.2300E-04  1   0.0 20181112 99999999
C004 120.1795 23.5996     2.0 0 1 CWB  CSMT  FBA 2.4500E-04 2.4500E-04 2.4500E-04  1   0.0 20181112 99999999
C005 120.4217 23.6100    21.0 0 1 CWB  CSMT  FBA 2.4500E-04 2.4500E-04 2.4500E-04  1   0.0 20181112 99999999
C006 120.5601 23.5796   173.0 0 1 CWB  CSMT  FBA 2.4500E-04 2.4500E-04 2.4500E-04  1   0.0 20180928 99999999
C008 120.2776 23.4836    11.0 0 1 CWB  CSMT  FBA 2.4500E-04 2.4500E-04 2.4500E-04  1   0.0 20181012 99999999
C010 120.5529 23.4630   211.0 0 1 CWB  CSMT  FBA 3.2500E-04 3.2600E-04 3.2200E-04  1   0.0 20181112 99999999
C011 120.6544 23.4831   658.0 0 1 CWB  CSMT  FBA 3.2500E-04 3.2200E-04 3.2300E-04  1   0.0 20181112 99999999
C012 120.1597 23.3304     5.0 0 1 CWB  CSMT  FBA 2.4500E-04 2.4500E-04 2.4500E-04  1   0.0 20181002 99999999
C014 120.5927 23.2945   260.0 0 1 CWB  CSMT  FBA 3.2300E-04 3.2500E-04 3.2600E-04  1   0.0 20181112 99999999
C015 120.4138 23.3526    39.0 0 1 CWB  CSMT  FBA 2.4500E-04 2.4500E-04 2.4500E-04  1   0.0 20180921 99999999
C016 120.1621 23.2191     7.0 0 1 CWB  CSMT  FBA 2.4500E-04 2.4500E-04 2.4500E-04  1   0.0 20181112 99999999
C017 120.2769 23.2137     8.0 0 1 CWB  CSMT  FBA 2.4500E-04 2.4500E-04 2.4500E-04  1   0.0 20181112 99999999
C018 120.4002 23.2224   130.0 0 1 CWB  CSMT  FBA 3.2400E-04 3.2400E-04 3.2400E-04  1   0.0 20220711 99999999
C021 120.2957 23.0791    14.0 0 1 CWB  CSMT  FBA 2.4500E-04 2.4500E-04 2.4500E-04  1   0.0 20181001 99999999
C022 120.4697 23.0441   102.0 0 1 CWB  CSMT  FBA 2.4500E-04 2.4500E-04 2.4500E-04  1   0.0 20181005 99999999
C023 120.2889 22.9648    26.0 0 1 CWB  CSMT  FBA 2.4500E-04 2.4500E-04 2.4500E-04  1   0.0 20180918 99999999
C024 120.6156 23.7553   101.0 0 1 CWB  CSMT  FBA 2.4500E-04 2.4500E-04 2.4500E-04  1   0.0 20181112 99999999
C025 120.5229 23.7774    47.0 0 1 CWB  CSMT  FBA 2.4500E-04 2.4500E-04 2.4500E-04  1   0.0 20181112 99999999
C026 120.4195 23.7966    27.0 0 1 CWB  CSMT  FBA 2.4500E-04 2.4500E-04 2.4500E-04  1   0.0 20181112 99999999
C027 120.2543 23.7510    10.0 0 1 CWB  CSMT  FBA 2.4500E-04 2.4500E-04 2.4500E-04  1   0.0 20181017 99999999
C028 120.6157 23.6308   309.0 0 1 CWB  CSMT  FBA 3.2300E-04 3.2400E-04 3.2600E-04  1   0.0 20190320 99999999
C029 120.5373 23.6125   111.0 0 1 CWB  CSMT  FBA 2.4500E-04 2.4500E-04 2.4500E-04  1   0.0 20181112 99999999
C032 120.3018 23.5770    16.0 0 1 CWB  CSMT  FBA 2.4500E-04 2.4500E-04 2.4500E-04  1   0.0 20181112 99999999
C034 120.5525 23.5207   138.0 0 1 CWB  CSMT  FBA 3.2200E-04 3.2300E-04 3.2200E-04  1   0.0 20211104 99999999
C035 120.5916 23.5186   224.0 0 1 CWB  CSMT  FBA 2.4500E-04 2.4500E-04 2.4500E-04  1   0.0 20181112 99999999
C036 120.4881 23.6052    48.0 0 1 CWB  CSMT  FBA 3.2200E-04 3.2400E-04 3.2100E-04  1   0.0 20190325 99999999
C037 120.4292 23.5546    30.0 0 1 CWB  CSMT  FBA 3.1900E-04 3.1500E-04 3.2500E-04  1   0.0 20190307 99999999
C041 120.6047 23.4386   233.0 0 1 CWB  CSMT  FBA 3.2000E-04 3.2200E-04 3.2100E-04  1   0.0 20190331 20200617
C041 120.6047 23.4386   233.0 0 1 CWB  CSMT  FBA 3.2000E-04 3.2200E-04 3.2100E-04  1   0.0 20200617 99999999
C043 120.3363 23.4048    19.0 0 1 CWB  CSMT  FBA 2.4500E-04 2.4500E-04 2.4500E-04  1   0.0 20180925 20220919
C043 120.3363 23.4048    19.0 0 1 CWB  CSMT  FBA 2.4500E-04 2.4500E-04 2.4500E-04  1   0.0 20220919 99999999
C044 120.1722 23.3812    20.0 0 1 CWB  CSMT  FBA 3.2000E-04 3.2300E-04 3.2300E-04  1   0.0 20190224 99999999
C045 120.6669 23.3003   418.0 0 1 CWB  CSMT  FBA 3.2300E-04 3.2300E-04 3.2400E-04  1   0.0 20190331 99999999
C047 120.4553 23.4937    42.0 0 1 CWB  CSMT  FBA 2.4500E-04 2.4500E-04 2.4500E-04  1   0.0 20181112 99999999
C049 120.3663 23.3655    24.0 0 1 CWB  CSMT  FBA 2.4500E-04 2.4500E-04 2.4500E-04  1   0.0 20180921 99999999
C051 120.4673 23.2799   128.0 0 1 CWB  CSMT  FBA 2.4500E-04 2.4500E-04 2.4500E-04  1   0.0 20220728 99999999
C053 120.3637 23.2864    20.0 0 1 CWB  CSMT  FBA 2.4500E-04 2.4500E-04 2.4500E-04  1   0.0 20181112 99999999
C055 120.2768 23.2687    13.0 0 1 CWB  CSMT  FBA 2.4500E-04 2.4500E-04 2.4500E-04  1   0.0 20220707 99999999
C056 120.1392 23.2621     3.0 0 1 CWB  CSMT  FBA 2.4500E-04 2.4500E-04 2.4500E-04  1   0.0 20181004 99999999
C058 120.3271 23.1714    20.0 0 1 CWB  CSMT  FBA 2.4500E-04 2.4500E-04 2.4500E-04  1   0.0 20181003 99999999
C059 120.1113 23.1829     4.0 0 1 CWB  CSMT  FBA 3.2300E-04 3.2300E-04 3.2300E-04  1   0.0 20220628 99999999
C060 120.2458 23.1234    10.0 0 1 CWB  CSMT  FBA 2.4500E-04 2.4500E-04 2.4500E-04  1   0.0 20181113 99999999
C061 120.5189 23.0746   112.0 0 1 CWB  CSMT  FBA 3.2300E-04 3.2300E-04 3.2300E-04  1   0.0 20220420 99999999
C062 120.4590 23.1216    64.0 0 1 CWB  CSMT  FBA 2.4500E-04 2.4500E-04 2.4500E-04  1   0.0 20181005 99999999
C064 120.2416 23.0030    27.0 0 1 CWB  CSMT  FBA 2.4500E-04 2.4500E-04 2.4500E-04  1   0.0 20220329 99999999
C065 120.3517 22.9043    44.0 0 1 CWB  CSMT  FBA 2.4500E-04 2.4500E-04 2.4500E-04  1   0.0 20180918 99999999
C066 120.2172 22.9188     4.0 0 1 CWB  CSMT  FBA 2.4500E-04 2.4500E-04 2.4500E-04  1   0.0 20181009 99999999
C069 120.1897 22.9732     7.0 0 1 CWB  CSMT  FBA 2.4500E-04 2.4500E-04 2.4500E-04  1   0.0 20180919 99999999
C073 120.4325 23.4963    31.0 0 1 CWB  CSMT  FBA 3.2200E-04 3.2500E-04 3.2600E-04  1   0.0 20181113 99999999
C074 120.8134 23.5084  2417.0 0 1 CWB  CSMT  FBA 3.2500E-04 3.2400E-04 3.2700E-04  1   0.0 20180808 99999999
C075 119.5637 23.5653    14.0 0 1 CWB  CSMT  FBA 3.2500E-04 3.2400E-04 3.2600E-04  1   0.0 20181113 99999999
C076 120.2298 23.6363     8.0 0 1 CWB  CSMT  FBA 3.2100E-04 3.2300E-04 3.2100E-04  1   0.0 20181113 99999999
C077 120.2017 23.1735     8.0 0 1 CWB  CSMT  FBA 3.2400E-04 3.2200E-04 3.2100E-04  1   0.0 20181113 99999999
C078 120.2366 23.0380    11.0 0 1 CWB  CSMT  FBA 3.2600E-04 3.2500E-04 3.2400E-04  1   0.0 20181113 99999999
C079 120.5284 23.1850   216.0 0 1 CWB  CSMT  FBA 3.1900E-04 3.2000E-04 3.2100E-04  1   0.0 20181113 99999999
C080 120.6769 23.5972   799.0 0 1 CWB  CSMT  FBA 3.2200E-04 3.2200E-04 3.2100E-04  1   0.0 20181113 20201217
C080 120.6769 23.5972   799.0 0 1 CWB  CSMT  FBA 3.2200E-04 3.2400E-04 3.2500E-04  1   0.0 20201217 99999999
C081 120.4999 23.2650   609.0 0 1 CWB  CSMT  FBA 3.2400E-04 3.2300E-04 3.2700E-04  1   0.0 20181113 99999999
C082 120.3067 23.7227    11.0 0 1 CWB  CSMT  FBA 2.4500E-04 2.4500E-04 2.4500E-04  1   0.0 20181113 99999999
C083 120.5858 23.7222    69.0 0 1 CWB  CSMT  FBA 3.2600E-04 3.2000E-04 3.2300E-04  1   0.0 20181113 99999999
C084 120.4640 23.7268    32.0 0 1 CWB  CSMT  FBA 2.4500E-04 2.4500E-04 2.4500E-04  1   0.0 20181113 99999999
C085 120.2050 22.9932    20.0 0 1 CWB  CSMT  FBA 3.2300E-04 3.2300E-04 3.2300E-04  1   0.0 20141222 20170214
C085 120.2048 22.9932    20.0 0 1 CWB  CSMT  FBA 3.2300E-04 3.2300E-04 3.2300E-04  1   0.0 20170214 20181113
C085 120.2048 22.9932    19.0 0 1 CWB  CSMT  FBA 3.2300E-04 3.2300E-04 3.2300E-04  1   0.0 20181113 99999999
C086 120.5940 23.3513   956.0 0 1 CWB  CSMT  FBA 3.2400E-04 3.2200E-04 3.2500E-04  1   0.0 20181113 20200910
C086 120.5940 23.3513   956.0 0 1 CWB  CSMT  FBA 3.1700E-04 3.2400E-04 3.2300E-04  1   0.0 20200910 99999999
C087 120.5299 23.3821   175.0 0 1 CWB  CSMT  FBA 2.4500E-04 2.4500E-04 2.4500E-04  1   0.0 20181015 99999999
C088 120.4380 23.3445    44.0 0 1 CWB  CSMT  FBA 2.4500E-04 2.4500E-04 2.4500E-04  1   0.0 20220331 99999999
C089 120.3641 23.0753    55.0 0 1 CWB  CSMT  FBA 3.2300E-04 3.2300E-04 3.2100E-04  1   0.0 20181113 99999999
C092 120.4862 23.7889    34.0 0 1 CWB  CSMT  FBA 2.4500E-04 2.4500E-04 2.4500E-04  1   0.0 20181113 99999999
C093 120.1552 23.6513     3.0 0 1 CWB  CSMT  FBA 2.4500E-04 2.4500E-04 2.4500E-04  1   0.0 20181113 99999999
C094 120.3306 23.7923    14.0 0 1 CWB  CSMT  FBA 2.4500E-04 2.4500E-04 2.4500E-04  1   0.0 20181113 99999999
C095 120.3314 23.4549    18.0 0 1 CWB  CSMT  FBA 2.4500E-04 2.4500E-04 2.4500E-04  1   0.0 20180925 99999999
C096 120.2407 22.9813    31.0 0 1 CWB  CSMT  FBA 2.4500E-04 2.4500E-04 2.4500E-04  1   0.0 20181113 99999999
C097 120.2115 23.0090    16.0 0 1 CWB  CSMT  FBA 2.4500E-04 2.4500E-04 2.4500E-04  1   0.0 20180919 99999999
C098 120.1661 23.0006     8.0 0 1 CWB  CSMT  FBA 2.4500E-04 2.4500E-04 2.4500E-04  1   0.0 20181113 99999999
C099 120.2882 23.1361    17.0 0 1 CWB  CSMT  FBA 3.2600E-04 3.2400E-04 3.2600E-04  1   0.0 20181113 99999999
C100 120.3503 23.2256    31.0 0 1 CWB  CSMT  FBA 2.4500E-04 2.4500E-04 2.4500E-04  1   0.0 20181003 20220526
C100 120.3507 23.2260    30.0 0 1 CWB  CSMT  FBA 2.4500E-04 2.4500E-04 2.4500E-04  1   0.0 20220804 99999999
C101 120.5703 23.6844    80.0 0 1 CWB  CSMT  FBA 3.2200E-04 3.2100E-04 3.2100E-04  1   0.0 20181113 99999999
C102 120.6223 23.2438   555.0 0 1 CWB  CSMT  FBA 3.2600E-04 3.2400E-04 3.2700E-04  1   0.0 20181113 99999999
C104 120.4735 23.6678    35.0 0 1 CWB  CSMT  FBA 2.4500E-04 2.4500E-04 2.4500E-04  1   0.0 20181113 20220810
C104 120.4749 23.6668    35.0 0 1 CWB  CSMT  FBA 2.4500E-04 2.4500E-04 2.4500E-04  1   0.0 20220810 99999999
C105 120.3453 23.5547    16.0 0 1 CWB  CSMT  FBA 2.4500E-04 2.4500E-04 2.4500E-04  1   0.0 20181114 99999999
C106 120.4147 23.4363    32.0 0 1 CWB  CSMT  FBA 2.4500E-04 2.4500E-04 2.4500E-04  1   0.0 20181114 99999999
C107 120.2992 23.2977    15.0 0 1 CWB  CSMT  FBA 2.4500E-04 2.4500E-04 2.4500E-04  1   0.0 20181114 99999999
C109 120.5364 23.2462   256.0 0 1 CWB  CSMT  FBA 3.2200E-04 3.2100E-04 3.2300E-04  1   0.0 20181114 99999999
C112 120.1930 23.7025     3.0 0 1 CWB  CSMT  FBA 2.4500E-04 2.4500E-04 2.4500E-04  1   0.0 20181114 99999999
C113 120.2139 23.4201     4.0 0 1 CWB  CSMT  FBA 2.4500E-04 2.4500E-04 2.4500E-04  1   0.0 20181114 99999999
C114 120.1269 23.0367     4.0 0 1 CWB  CSMT  FBA 2.4500E-04 2.4500E-04 2.4500E-04  1   0.0 20220321 99999999
C116 120.1168 23.0768     7.0 0 1 CWB  CSMT  FBA 2.4500E-04 2.4500E-04 2.4500E-04  1   0.0 20181114 99999999
C117 120.2232 23.8044    10.0 0 1 CWB  CSMT  FBA 3.1900E-04 3.2200E-04 3.2200E-04  1   0.0 20181114 99999999
C118 120.4857 23.1823    99.0 0 1 CWB  CSMT  FBA 3.2600E-04 3.2500E-04 3.2400E-04  1   0.0 20220322 99999999
C119 120.4674 23.4722    49.0 0 1 CWB  CSMT  FBA 3.2200E-04 3.2300E-04 3.1900E-04  1   0.0 20190224 99999999
C120 120.2939 23.4570    17.0 0 1 CWB  CSMT  FBA 3.2100E-04 3.2300E-04 3.1900E-04  1   0.0 20190224 20211006
C120 120.2939 23.4570    17.0 0 1 CWB  CSMT  FBA 3.2100E-04 3.2300E-04 3.1900E-04  1   0.0 20211006 99999999
C121 120.9591 23.4875  3805.0 0 1 CWB  CSMT  FBA 3.2500E-04 3.2300E-04 3.2300E-04  1   0.0 20181114 99999999
C122 120.3096 23.3230    12.0 0 1 CWB  CSMT  FBA 3.2500E-04 3.2300E-04 3.2200E-04  1   0.0 20220620 99999999
C123 120.2396 23.4835     7.0 0 1 CWB  CSMT  FBA 2.4500E-04 2.4500E-04 2.4500E-04  1   0.0 20181012 99999999
C124 119.6675 23.2573    34.0 0 1 CWB  CSMT  FBA 3.2300E-04 3.2300E-04 3.2300E-04  1   0.0 20181114 99999999
C125 120.1666 22.9922    13.0 0 1 CWB  CSMT  FBA 3.2200E-04 3.2000E-04 3.2000E-04  1   0.0 20220503 99999999
C126 120.5305 23.6988    47.0 0 1 CWB  CSMT  FBA 3.2400E-04 3.2400E-04 3.2100E-04  1   0.0 20190222 99999999
C129 120.2441 23.2926     9.0 0 1 CWB  CSMT  FBA 2.4500E-04 2.4500E-04 2.4500E-04  1   0.0 20181114 99999999
C131 120.3613 23.1196    28.0 0 1 CWB  CSMT  FBA 2.4500E-04 2.4500E-04 2.4500E-04  1   0.0 20181001 99999999
C133 120.4744 23.5319   102.0 0 1 CWB  CSMT  FBA 3.2400E-04 3.2200E-04 3.2300E-04  1   0.0 20181114 99999999
C134 120.2227 23.3473     6.0 0 1 CWB  CSMT  FBA 3.2200E-04 3.2500E-04 3.2200E-04  1   0.0 20181114 99999999
C137 120.8154 23.5167  2297.0 0 1 CWB  CSMT  FBA 3.1900E-04 3.1900E-04 3.1700E-04  1   0.0 20200525 99999999
C138 120.3174 23.6454    13.0 0 1 CWB  CSMT  FBA 2.4500E-04 2.4500E-04 2.4500E-04  1   0.0 20180914 99999999
C139 120.4309 23.6443    27.0 0 1 CWB  CSMT  FBA 2.4500E-04 2.4500E-04 2.4500E-04  1   0.0 20180914 99999999
C140 120.1752 23.2377     7.0 0 1 CWB  CSMT  FBA 2.4500E-04 2.4500E-04 2.4500E-04  1   0.0 20181004 99999999
C141 120.1988 23.1226     7.0 0 1 CWB  CSMT  FBA 2.4500E-04 2.4500E-04 2.4500E-04  1   0.0 20180919 99999999
C142 120.4035 23.0559    57.0 0 1 CWB  CSMT  FBA 2.4500E-04 2.4500E-04 2.4500E-04  1   0.0 20181008 99999999
C143 120.3587 22.9641    83.0 0 1 CWB  CSMT  FBA 2.4500E-04 2.4500E-04 2.4500E-04  1   0.0 20180918 99999999
C144 120.3940 23.6044    16.0 0 1 CWB  CSMT  FBA 2.4500E-04 2.4500E-04 2.4500E-04  1   0.0 20180928 99999999
C145 120.1532 23.4605     3.0 0 1 CWB  CSMT  FBA 2.4500E-04 2.4500E-04 2.4500E-04  1   0.0 20181002 99999999
C146 120.2599 23.1817    17.0 0 1 CWB  CSMT  FBA 2.4500E-04 2.4500E-04 2.4500E-04  1   0.0 20181003 99999999
C147 120.2175 22.9434    36.0 0 1 CWB  CSMT  FBA 2.4500E-04 2.4500E-04 2.4500E-04  1   0.0 20181009 99999999
C148 120.4040 23.3172    54.0 0 1 CWB  CSMT  FBA 2.4500E-04 2.4500E-04 2.4500E-04  1   0.0 20181008 99999999
C149 120.5086 23.4589   115.0 0 1 CWB  CSMT  FBA 2.4500E-04 2.4500E-04 2.4500E-04  1   0.0 20181016 99999999
C150 120.5381 23.6888    54.0 0 1 CWB  CSMT  FBA 3.2300E-04 3.2200E-04 3.1900E-04  1   0.0 20190222 20200617
C150 120.5381 23.6888    54.0 0 1 CWB  CSMT  FBA 3.2300E-04 3.2200E-04 3.1900E-04  1   0.0 20200617 99999999
C151 120.4973 23.2198   170.0 0 1 CWB  CSMT  FBA 3.2200E-04 3.2100E-04 3.2100E-04  1   0.0 20190226 20200617
C151 120.4973 23.2198   170.0 0 1 CWB  CSMT  FBA 3.2200E-04 3.2100E-04 3.2100E-04  1   0.0 20200617 99999999
C152 120.3886 23.6876    21.0 0 1 CWB  CSMT  FBA 3.2100E-04 3.2300E-04 3.2400E-04  1   0.0 20190311 20200617
C152 120.3886 23.6876    21.0 0 1 CWB  CSMT  FBA 3.2100E-04 3.2300E-04 3.2400E-04  1   0.0 20200617 99999999
C153 120.2794 23.3606    30.0 0 1 CWB  CSMT  FBA 3.2400E-04 3.2300E-04 3.2300E-04  1   0.0 20190225 20200617
C153 120.2794 23.3606    30.0 0 1 CWB  CSMT  FBA 3.2400E-04 3.2300E-04 3.2300E-04  1   0.0 20200617 99999999
C154 120.3479 23.0213    59.0 0 1 CWB  CSMT  FBA 3.2200E-04 3.2400E-04 3.2300E-04  1   0.0 20190318 20200617
C154 120.3479 23.0213    59.0 0 1 CWB  CSMT  FBA 3.2200E-04 3.2400E-04 3.2300E-04  1   0.0 20200617 99999999
C155 120.2279 23.5227     2.0 0 1 CWB  CSMT  FBA 3.2300E-04 3.2300E-04 3.2300E-04  1   0.0 20190117 20200617
C155 120.2279 23.5227     2.0 0 1 CWB  CSMT  FBA 3.2300E-04 3.2300E-04 3.2300E-04  1   0.0 20200617 99999999
C156 120.0865 23.1467    22.0 0 1 CWB  CSMT  FBA 3.2100E-04 3.2200E-04 3.2400E-04  1   0.0 20190225 20200617
C156 120.0865 23.1467    22.0 0 1 CWB  CSMT  FBA 3.2100E-04 3.2200E-04 3.2400E-04  1   0.0 20200617 99999999
C157 120.2999 23.4777    16.0 0 1 CWB  CSMT  FBA 3.2500E-04 3.2300E-04 3.2300E-04  1   0.0 20201105 99999999
C158 120.5887 23.6458   168.0 0 1 CWB  CSMT  FBA 3.2500E-04 3.2400E-04 3.2400E-04  1   0.0 20211104 99999999
C159 120.5783 23.6165   272.0 0 1 CWB  CSMT  FBA 2.4500E-04 2.4500E-04 2.4500E-04  1   0.0 20211224 99999999
C160 120.5735 23.5965   320.0 0 1 CWB  CSMT  FBA 2.4500E-04 2.4500E-04 2.4500E-04  1   0.0 20220216 99999999
C161 120.5544 23.5587   186.0 0 1 CWB  CSMT  FBA 2.4500E-04 2.4500E-04 2.4500E-04  1   0.0 20211220 99999999
C162 120.5200 23.5704    98.0 0 1 CWB  CSMT  FBA 2.4500E-04 2.4500E-04 2.4500E-04  1   0.0 20211220 99999999
D005 120.3492 22.6167    19.0 0 1 CWB  CSMT  FBA 3.2100E-04 3.1700E-04 3.2400E-04  1   0.0 20210906 99999999
D008 120.3760 22.6284    15.0 0 1 CWB  CSMT  FBA 2.4500E-04 2.4500E-04 2.4500E-04  1   0.0 20181120 20220722
D008 120.3760 22.6284    15.0 0 1 CWB  CSMT  FBA 2.4500E-04 2.4500E-04 2.4500E-04  1   0.0 20220722 20221118
D008 120.3760 22.6284    15.0 0 1 CWB  CSMT  FBA 2.4500E-04 2.4500E-04 2.4500E-04  1   0.0 20221118 99999999
D009 120.2643 22.8675    23.0 0 1 CWB  CSMT  FBA 2.4500E-04 2.4500E-04 2.4500E-04  1   0.0 20181120 99999999
D011 120.2642 22.7601    12.0 0 1 CWB  CSMT  FBA 2.4500E-04 2.4500E-04 2.4500E-04  1   0.0 20180917 99999999
D012 120.3791 22.8772    36.0 0 1 CWB  CSMT  FBA 2.4500E-04 2.4500E-04 2.4500E-04  1   0.0 20181002 99999999
D013 120.3654 22.7945    55.0 0 1 CWB  CSMT  FBA 2.4500E-04 2.4500E-04 2.4500E-04  1   0.0 20180921 99999999
D014 120.3488 22.7015    21.0 0 1 CWB  CSMT  FBA 2.4500E-04 2.4500E-04 2.4500E-04  1   0.0 20181012 99999999
D015 120.3414 22.6543    12.0 0 1 CWB  CSMT  FBA 2.4500E-04 2.4500E-04 2.4500E-04  1   0.0 20180910 99999999
D017 120.3934 22.5070     7.0 0 1 CWB  CSMT  FBA 2.4500E-04 2.4500E-04 2.4500E-04  1   0.0 20181120 99999999
D020 120.5433 22.8998    48.0 0 1 CWB  CSMT  FBA 2.4500E-04 2.4500E-04 2.4500E-04  1   0.0 20180928 99999999
D023 120.4961 22.6767    29.0 0 1 CWB  CSMT  FBA 3.2000E-04 3.2300E-04 3.2400E-04  1   0.0 20181120 99999999
D028 120.5992 22.8260    86.0 0 1 CWB  CSMT  FBA 2.4500E-04 2.4500E-04 2.4500E-04  1   0.0 20181120 99999999
D029 120.5759 22.7540    59.0 0 1 CWB  CSMT  FBA 2.4500E-04 2.4500E-04 2.4500E-04  1   0.0 20180914 99999999
D031 120.4888 22.5822    18.0 0 1 CWB  CSMT  FBA 2.4500E-04 2.4500E-04 2.4500E-04  1   0.0 20180912 99999999
D032 120.4606 22.5437     8.0 0 1 CWB  CSMT  FBA 2.4500E-04 2.4500E-04 2.4500E-04  1   0.0 20180925 99999999
D033 120.4606 22.4622     5.0 0 1 CWB  CSMT  FBA 2.4500E-04 2.4500E-04 2.4500E-04  1   0.0 20180912 99999999
D034 120.6278 22.5283   107.0 0 1 CWB  CSMT  FBA 2.4500E-04 2.4500E-04 2.4500E-04  1   0.0 20180920 99999999
D035 120.5401 22.5471    15.0 0 1 CWB  CSMT  FBA 2.4500E-04 2.4500E-04 2.4500E-04  1   0.0 20180912 99999999
D039 120.7484 22.0954    59.0 0 1 CWB  CSMT  FBA 2.4500E-04 2.4500E-04 2.4500E-04  1   0.0 20180920 99999999
D042 120.8371 22.0204    46.0 0 1 CWB  CSMT  FBA 3.1900E-04 3.2500E-04 3.2200E-04  1   0.0 20190221 20200617
D042 120.8371 22.0204    46.0 0 1 CWB  CSMT  FBA 3.1900E-04 3.2500E-04 3.2200E-04  1   0.0 20200617 99999999
D044 120.5115 22.4366     4.0 0 1 CWB  CSMT  FBA 2.4500E-04 2.4500E-04 2.4500E-04  1   0.0 20180920 99999999
D045 120.3157 22.5662     1.0 0 1 CWB  CSMT  FBA 3.2000E-04 3.2300E-04 3.2300E-04  1   0.0 20181120 20210609
D046 120.7460 22.0038    26.0 0 1 CWB  CSMT  FBA 3.2400E-04 3.2300E-04 3.2300E-04  1   0.0 20181120 99999999
D047 120.5908 23.0804   282.0 0 1 CWB  CSMT  FBA 3.2300E-04 3.2100E-04 3.2100E-04  1   0.0 20181120 99999999
D048 120.4987 22.7234    31.0 0 1 CWB  CSMT  FBA 3.2300E-04 3.2300E-04 3.2300E-04  1   0.0 20181120 99999999
D049 120.6400 22.7443   148.0 0 1 CWB  CSMT  FBA 3.2400E-04 3.2500E-04 3.2300E-04  1   0.0 20181120 99999999
D050 120.7656 23.1607   642.0 0 1 CWB  CSMT  FBA 3.2100E-04 3.2300E-04 3.2300E-04  1   0.0 20181120 99999999
D051 120.6282 22.3703    66.0 0 1 CWB  CSMT  FBA 3.2300E-04 3.2300E-04 3.2300E-04  1   0.0 20181120 99999999
D052 120.8136 21.9401   116.0 0 1 CWB  CSMT  FBA 3.2200E-04 3.2300E-04 3.2400E-04  1   0.0 20181120 99999999
D053 120.4306 22.8215   323.0 0 1 CWB  CSMT  FBA 3.2400E-04 3.2300E-04 3.2100E-04  1   0.0 20181120 99999999
D054 120.7206 23.2765   720.0 0 1 CWB  CSMT  FBA 2.4500E-04 2.4500E-04 2.4500E-04  1   0.0 20181011 99999999
D060 120.3188 22.6712     8.0 0 1 CWB  CSMT  FBA 3.2300E-04 3.2400E-04 3.2400E-04  1   0.0 20211004 99999999
D062 120.2926 22.6220     9.0 0 1 CWB  CSMT  FBA 2.4500E-04 2.4500E-04 2.4500E-04  1   0.0 20181120 99999999
D063 120.1825 22.9043     5.0 0 1 CWB  CSMT  FBA 2.4500E-04 2.4500E-04 2.4500E-04  1   0.0 20181120 99999999
D064 120.2482 22.7834    10.0 0 1 CWB  CSMT  FBA 2.4500E-04 2.4500E-04 2.4500E-04  1   0.0 20181120 99999999
D065 120.3116 22.7522    16.0 0 1 CWB  CSMT  FBA 2.4500E-04 2.4500E-04 2.4500E-04  1   0.0 20180921 20211223
D065 120.3113 22.7503    16.0 0 1 CWB  CSMT  FBA 2.4500E-04 2.4500E-04 2.4500E-04  1   0.0 20211223 99999999
D066 120.3455 22.7303    22.0 0 1 CWB  CSMT  FBA 2.4500E-04 2.4500E-04 2.4500E-04  1   0.0 20181120 99999999
D067 120.4239 22.6552    27.0 0 1 CWB  CSMT  FBA 2.4500E-04 2.4500E-04 2.4500E-04  1   0.0 20181120 99999999
D068 120.5443 22.9760   129.0 0 1 CWB  CSMT  FBA 2.4500E-04 2.4500E-04 2.4500E-04  1   0.0 20181011 20211224
D068 120.5447 22.9764   129.0 0 1 CWB  CSMT  FBA 2.4500E-04 2.4500E-04 2.4500E-04  1   0.0 20211224 99999999
D069 120.6647 22.8858   256.0 0 1 CWB  CSMT  FBA 2.4500E-04 2.4500E-04 2.4500E-04  1   0.0 20181120 99999999
D070 120.4958 22.7810    43.0 0 1 CWB  CSMT  FBA 2.4500E-04 2.4500E-04 2.4500E-04  1   0.0 20180914 99999999
D071 120.5214 22.6477    25.0 0 1 CWB  CSMT  FBA 2.4500E-04 2.4500E-04 2.4500E-04  1   0.0 20180926 99999999
D072 120.6014 22.6672    59.0 0 1 CWB  CSMT  FBA 2.4500E-04 2.4500E-04 2.4500E-04  1   0.0 20180926 99999999
D074 120.5720 22.5730    23.0 0 1 CWB  CSMT  FBA 2.4500E-04 2.4500E-04 2.4500E-04  1   0.0 20180926 99999999
D075 120.5062 22.4882     6.0 0 1 CWB  CSMT  FBA 2.4500E-04 2.4500E-04 2.4500E-04  1   0.0 20181025 99999999
D076 120.5648 22.4263    17.0 0 1 CWB  CSMT  FBA 2.4500E-04 2.4500E-04 2.4500E-04  1   0.0 20180925 99999999
D077 120.7317 22.7454   826.0 0 1 CWB  CSMT  FBA 2.4500E-04 2.4500E-04 2.4500E-04  1   0.0 20180927 99999999
D079 120.6325 22.5910    89.0 0 1 CWB  CSMT  FBA 2.4500E-04 2.4500E-04 2.4500E-04  1   0.0 20180927 99999999
D084 120.3691 22.3467    38.0 0 1 CWB  CSMT  FBA 3.2200E-04 3.2100E-04 3.2100E-04  1   0.0 20181121 99999999
D085 120.3290 22.8840    28.0 0 1 CWB  CSMT  FBA 2.4500E-04 2.4500E-04 2.4500E-04  1   0.0 20181002 20220722
D086 120.3030 22.7927    12.0 0 1 CWB  CSMT  FBA 2.4500E-04 2.4500E-04 2.4500E-04  1   0.0 20180921 99999999
D088 120.3187 22.6440    12.0 0 1 CWB  CSMT  FBA 2.4500E-04 2.4500E-04 2.4500E-04  1   0.0 20180913 99999999
D089 120.4111 22.4788     4.0 0 1 CWB  CSMT  FBA 3.2600E-04 3.1900E-04 3.2000E-04  1   0.0 20181121 99999999
D090 120.4158 22.5895    12.0 0 1 CWB  CSMT  FBA 2.4500E-04 2.4500E-04 2.4500E-04  1   0.0 20180910 99999999
D091 120.8550 21.9009    33.0 0 1 CWB  CSMT  FBA 3.2300E-04 3.2300E-04 3.2200E-04  1   0.0 20181121 99999999
D093 120.3593 22.5925     5.0 0 1 CWB  CSMT  FBA 3.2300E-04 3.2400E-04 3.2200E-04  1   0.0 20210623 99999999
D097 120.8380 22.1767   292.0 0 1 CWB  CSMT  FBA 2.4500E-04 2.4500E-04 2.4500E-04  1   0.0 20180920 99999999
D098 120.7496 21.9598    27.0 0 1 CWB  CSMT  FBA 3.2400E-04 3.2300E-04 3.2300E-04  1   0.0 20181121 99999999
D100 120.3071 22.5936     4.0 0 1 CWB  CSMT  FBA 3.2200E-04 3.2200E-04 3.2600E-04  1   0.0 20210906 20211006
D100 120.3071 22.5936     4.0 0 1 CWB  CSMT  FBA 3.2200E-04 3.2200E-04 3.2600E-04  1   0.0 20211006 99999999
D102 120.2618 22.6417   346.0 0 1 CWB  CSMT  FBA 3.2200E-04 3.2200E-04 3.2200E-04  1   0.0 20190311 99999999
D103 120.3047 22.6269    11.0 0 1 CWB  CSMT  FBA 2.4500E-04 2.4500E-04 2.4500E-04  1   0.0 20180913 99999999
D104 120.2926 22.6905    21.0 0 1 CWB  CSMT  FBA 2.4500E-04 2.4500E-04 2.4500E-04  1   0.0 20180917 99999999
D105 120.4603 22.9394    75.0 0 1 CWB  CSMT  FBA 2.4500E-04 2.4500E-04 2.4500E-04  1   0.0 20181002 99999999
D106 120.3130 22.6229    12.0 0 1 CWB  CSMT  FBA 2.4500E-04 2.4500E-04 2.4500E-04  1   0.0 20180911 99999999
D107 120.2822 22.6238    12.0 0 1 CWB  CSMT  FBA 2.4500E-04 2.4500E-04 2.4500E-04  1   0.0 20180913 99999999
D108 120.2243 22.8143     4.0 0 1 CWB  CSMT  FBA 2.4500E-04 2.4500E-04 2.4500E-04  1   0.0 20180917 99999999
D109 120.1987 22.9114     5.0 0 1 CWB  CSMT  FBA 2.4500E-04 2.4500E-04 2.4500E-04  1   0.0 20181012 99999999
D110 120.2720 22.6084     6.0 0 1 CWB  CSMT  FBA 2.4500E-04 2.4500E-04 2.4500E-04  1   0.0 20180911 99999999
D111 120.5260 22.6769    27.0 0 1 CWB  CSMT  FBA 2.4500E-04 2.4500E-04 2.4500E-04  1   0.0 20180914 99999999
D112 120.5445 22.5822    16.0 0 1 CWB  CSMT  FBA 2.4500E-04 2.4500E-04 2.4500E-04  1   0.0 20180928 99999999
D113 120.5910 22.3679     2.0 0 1 CWB  CSMT  FBA 2.4500E-04 2.4500E-04 2.4500E-04  1   0.0 20180920 99999999
D114 120.5112 22.5138     8.0 0 1 CWB  CSMT  FBA 2.4500E-04 2.4500E-04 2.4500E-04  1   0.0 20180925 99999999
D115 120.6215 22.3300    11.0 0 1 CWB  CSMT  FBA 2.4500E-04 2.4500E-04 2.4500E-04  1   0.0 20160921 99999999
D116 120.3497 22.5813     6.0 0 1 CWB  CSMT  FBA 2.4500E-04 2.4500E-04 2.4500E-04  1   0.0 20180911 99999999
D117 120.7519 22.2041   124.0 0 1 CWB  CSMT  FBA 3.2200E-04 3.2100E-04 3.2300E-04  1   0.0 20190221 99999999
D118 120.6330 22.8102   185.0 0 1 CWB  CSMT  FBA 3.2000E-04 3.1900E-04 3.2000E-04  1   0.0 20190315 99999999
D119 120.3790 22.3508    22.0 0 1 CWB  CSMT  FBA 3.2500E-04 3.2200E-04 3.2400E-04  1   0.0 20190327 20200617
D119 120.3790 22.3508    22.0 0 1 CWB  CSMT  FBA 3.2500E-04 3.2200E-04 3.2400E-04  1   0.0 20200617 99999999
D120 120.5681 22.4835    38.0 0 1 CWB  CSMT  FBA 3.2500E-04 3.2300E-04 3.2400E-04  1   0.0 20190314 20200617
D120 120.5681 22.4835    38.0 0 1 CWB  CSMT  FBA 3.2500E-04 3.2300E-04 3.2400E-04  1   0.0 20200617 99999999
D121 120.6463 22.9933   266.0 0 1 CWB  CSMT  FBA 3.2200E-04 3.2300E-04 3.1900E-04  1   0.0 20190322 20200617
D121 120.6463 22.9933   266.0 0 1 CWB  CSMT  FBA 3.2200E-04 3.2300E-04 3.1900E-04  1   0.0 20200617 99999999
D122 120.3352 22.7533    40.0 0 1 CWB  CSMT  FBA 3.2300E-04 3.2100E-04 3.2200E-04  1   0.0 20190228 20200617
D122 120.3352 22.7533    40.0 0 1 CWB  CSMT  FBA 3.2300E-04 3.2100E-04 3.2200E-04  1   0.0 20200617 20221005
D122 120.3352 22.7533    40.0 0 1 CWB  CSMT  FBA 3.2300E-04 3.2100E-04 3.2200E-04  1   0.0 20221005 99999999
D123 120.4938 22.8855    70.0 0 1 CWB  CSMT  FBA 3.2400E-04 3.2200E-04 3.2200E-04  1   0.0 20190315 20200617
D123 120.4938 22.8855    70.0 0 1 CWB  CSMT  FBA 3.2400E-04 3.2200E-04 3.2200E-04  1   0.0 20200617 99999999
D124 120.7988 22.2163   184.0 0 1 CWB  CSMT  FBA 3.2400E-04 3.2300E-04 3.2300E-04  1   0.0 20190221 20200617
D124 120.7988 22.2163   184.0 0 1 CWB  CSMT  FBA 3.2400E-04 3.2300E-04 3.2300E-04  1   0.0 20200617 99999999
D125 120.6448 22.7053   148.0 0 1 CWB  CSMT  FBA 3.2100E-04 3.2000E-04 3.2100E-04  1   0.0 20190315 20200617
D125 120.6448 22.7053   148.0 0 1 CWB  CSMT  FBA 3.2100E-04 3.2000E-04 3.2100E-04  1   0.0 20200617 99999999
D126 120.7811 23.1793   624.0 0 1 CWB  CSMT  FBA 3.1900E-04 3.2400E-04 3.2100E-04  1   0.0 20190322 20200617
D126 120.7811 23.1793   624.0 0 1 CWB  CSMT  FBA 3.1900E-04 3.2400E-04 3.2100E-04  1   0.0 20200617 99999999
D127 120.3124 22.7307    14.1 0 1 CWB  CSMT  FBA 3.2000E-04 3.2300E-04 3.2300E-04  1   0.0 20221125 99999999
E004 121.7906 24.7435     5.0 0 1 CWB  CSMT  FBA 2.4500E-04 2.4500E-04 2.4500E-04  1   0.0 20181004 99999999
E006 121.8327 24.6396     9.0 0 1 CWB  CSMT  FBA 3.2200E-04 3.2300E-04 3.2200E-04  1   0.0 20210629 99999999
E015 121.6992 24.7790    99.0 0 1 CWB  CSMT  FBA 3.1600E-04 3.2300E-04 3.2400E-04  1   0.0 20190315 99999999
E020 121.6356 24.7538   480.0 0 1 CWB  CSMT  FBA 2.4500E-04 2.4500E-04 2.4500E-04  1   0.0 20181115 99999999
E022 121.6509 24.6668    99.0 0 1 CWB  CSMT  FBA 2.4500E-04 2.4500E-04 2.4500E-04  1   0.0 20181115 99999999
E023 121.6095 24.6787   144.0 0 1 CWB  CSMT  FBA 2.4500E-04 2.4500E-04 2.4500E-04  1   0.0 20181003 99999999
E025 121.5737 24.6378   252.0 0 1 CWB  CSMT  FBA 3.2100E-04 3.2100E-04 3.2100E-04  1   0.0 20181115 99999999
E026 121.7728 24.6734     9.0 0 1 CWB  CSMT  FBA 2.4500E-04 2.4500E-04 2.4500E-04  1   0.0 20181004 99999999
E033 121.8275 24.8630    14.0 0 1 CWB  CSMT  FBA 2.4500E-04 2.4500E-04 2.4500E-04  1   0.0 20181017 99999999
E034 121.8141 24.8020     4.0 0 1 CWB  CSMT  FBA 3.2000E-04 3.1800E-04 3.2000E-04  1   0.0 20210730 99999999
E035 121.7685 24.8223    21.0 0 1 CWB  CSMT  FBA 2.4500E-04 2.4500E-04 2.4500E-04  1   0.0 20181017 20191111
E035 121.7676 24.8220    21.0 0 1 CWB  CSMT  FBA 2.4500E-04 2.4500E-04 2.4500E-04  1   0.0 20191111 99999999
E037 121.7229 24.7435    17.0 0 1 CWB  CSMT  FBA 2.4500E-04 2.4500E-04 2.4500E-04  1   0.0 20181004 99999999
E042 121.7986 24.6874     6.0 0 1 CWB  CSMT  FBA 2.4500E-04 2.4500E-04 2.4500E-04  1   0.0 20181003 99999999
E046 121.7423 24.6650    31.0 0 1 CWB  CSMT  FBA 2.4500E-04 2.4500E-04 2.4500E-04  1   0.0 20181003 99999999
E049 121.7563 24.7638    11.0 0 1 CWB  CSMT  FBA 3.2100E-04 3.2300E-04 3.2300E-04  1   0.0 20181119 99999999
E050 121.7490 24.4259   123.0 0 1 CWB  CSMT  FBA 3.2300E-04 3.2500E-04 3.2500E-04  1   0.0 20181119 99999999
E051 121.6829 24.7181    56.0 0 1 CWB  CSMT  FBA 3.2200E-04 3.2400E-04 3.2300E-04  1   0.0 20181119 99999999
E052 121.8600 24.6082    33.0 0 1 CWB  CSMT  FBA 3.2400E-04 3.2400E-04 3.2300E-04  1   0.0 20181119 99999999
E053 121.7393 24.3293    56.0 0 1 CWB  CSMT  FBA 3.2200E-04 3.2300E-04 3.2300E-04  1   0.0 20190219 20200617
E053 121.7393 24.3293    56.0 0 1 CWB  CSMT  FBA 3.2200E-04 3.2300E-04 3.2300E-04  1   0.0 20200617 99999999
E059 121.8296 24.6654     8.0 0 1 CWB  CSMT  FBA 3.2200E-04 3.2300E-04 3.2200E-04  1   0.0 20181119 99999999
E060 121.8439 24.5757    48.0 0 1 CWB  CSMT  FBA 3.2400E-04 3.2600E-04 3.2600E-04  1   0.0 20190313 20200617
E060 121.8439 24.5757    48.0 0 1 CWB  CSMT  FBA 3.2400E-04 3.2600E-04 3.2600E-04  1   0.0 20200617 99999999
E061 121.8331 24.5218    23.0 0 1 CWB  CSMT  FBA 3.2400E-04 3.2000E-04 3.2300E-04  1   0.0 20220705 99999999
E062 121.8008 24.4663    33.0 0 1 CWB  CSMT  FBA 2.4500E-04 2.4500E-04 2.4500E-04  1   0.0 20180917 99999999
E067 121.3813 24.4374  1148.0 0 1 CWB  CSMT  FBA 3.2300E-04 3.2000E-04 3.2100E-04  1   0.0 20181119 99999999
E068 121.8573 24.5972     8.0 0 1 CWB  CSMT  FBA 3.2300E-04 3.2300E-04 3.2500E-04  1   0.0 20181119 99999999
E069 121.9438 24.8427    20.0 0 1 CWB  CSMT  FBA 3.2300E-04 3.2300E-04 3.2300E-04  1   0.0 20181119 99999999
E070 121.7556 24.7546    13.0 0 1 CWB  CSMT  FBA 3.2100E-04 3.2500E-04 3.2300E-04  1   0.0 20211004 99999999
E071 121.7942 24.6216    22.0 0 1 CWB  CSMT  FBA 3.2300E-04 3.2600E-04 3.2300E-04  1   0.0 20210527 99999999
E072 121.7717 24.7001    28.0 0 1 CWB  CSMT  FBA 2.4500E-04 2.4500E-04 2.4500E-04  1   0.0 20181003 99999999
E073 121.8302 24.8535     7.0 0 1 CWB  CSMT  FBA 3.2800E-04 3.2700E-04 3.2400E-04  1   0.0 20210906 20210908
E073 121.8302 24.8535     7.0 0 1 CWB  CSMT  FBA 3.2800E-04 3.2700E-04 3.2400E-04  1   0.0 20210908 99999999
E074 121.5128 24.6025   441.0 0 1 CWB  CSMT  FBA 3.2300E-04 3.2300E-04 3.2300E-04  1   0.0 20190312 20200617
E074 121.5128 24.6025   441.0 0 1 CWB  CSMT  FBA 3.2300E-04 3.2300E-04 3.2300E-04  1   0.0 20200617 99999999
E075 121.7783 24.4450    40.0 0 1 CWB  CSMT  FBA 3.2400E-04 3.2400E-04 3.2200E-04  1   0.0 20190311 20200617
E075 121.7783 24.4450    40.0 0 1 CWB  CSMT  FBA 3.2400E-04 3.2400E-04 3.2200E-04  1   0.0 20200617 99999999
E076 121.7168 24.6340    88.0 0 1 CWB  CSMT  FBA 3.2400E-04 3.2400E-04 3.2400E-04  1   0.0 20190314 20200617
E076 121.7168 24.6340    88.0 0 1 CWB  CSMT  FBA 3.2400E-04 3.2400E-04 3.2400E-04  1   0.0 20200617 99999999
E077 121.4267 24.4883   792.0 0 1 CWB  CSMT  FBA 2.4500E-04 2.4500E-04 2.4500E-04  1   0.0 20221107 99999999
E078 121.6875 24.6092    18.0 0 1 CWB  CSMT  FBA 2.4500E-04 2.4500E-04 2.4500E-04  1   0.0 20221024 99999999
F002 121.5202 23.5982    18.0 0 1 CWB  CSMT  FBA 3.1800E-04 3.2000E-04 3.2500E-04  1   0.0 20190226 99999999
F004 121.2483 23.1727   244.0 0 1 CWB  CSMT  FBA 3.2300E-04 3.2200E-04 3.2000E-04  1   0.0 20190220 99999999
F015 121.5627 23.9729    44.0 0 1 CWB  CSMT  FBA 2.4500E-04 2.4500E-04 2.4500E-04  1   0.0 20180917 20191027
F015 121.5627 23.9729    44.0 0 1 CWB  CSMT  FBA 2.4500E-04 2.4500E-04 2.4500E-04  1   0.0 20191027 20220316
F015 121.5627 23.9729    44.0 0 1 CWB  CSMT  FBA 2.4500E-04 2.4500E-04 2.4500E-04  1   0.0 20220316 20220920
F015 121.5627 23.9729    44.0 0 1 CWB  CSMT  FBA 2.4500E-04 2.4500E-04 2.4500E-04  1   0.0 20220920 99999999
F019 121.6135 23.9750    18.0 0 1 CWB  CSMT  FBA 3.2500E-04 3.2600E-04 3.2600E-04  1   0.0 20181114 99999999
F020 121.4416 23.8120   180.0 0 1 CWB  CSMT  FBA 3.2400E-04 3.2300E-04 3.2500E-04  1   0.0 20181114 99999999
F021 121.3299 23.5038   249.0 0 1 CWB  CSMT  FBA 3.2600E-04 3.2500E-04 3.2500E-04  1   0.0 20181114 99999999
F023 121.6045 24.0812    56.0 0 1 CWB  CSMT  FBA 3.2600E-04 3.2400E-04 3.2400E-04  1   0.0 20181114 99999999
F024 121.3053 23.3508   254.0 0 1 CWB  CSMT  FBA 3.2400E-04 3.2600E-04 3.2600E-04  1   0.0 20181114 99999999
F026 121.6245 24.1182    47.0 0 1 CWB  CSMT  FBA 2.4500E-04 2.4500E-04 2.4500E-04  1   0.0 20181114 99999999
F028 121.6094 24.0144    20.0 0 1 CWB  CSMT  FBA 2.4500E-04 2.4500E-04 2.4500E-04  1   0.0 20181114 99999999
F033 121.4827 23.6846   119.0 0 1 CWB  CSMT  FBA 3.2200E-04 3.2500E-04 3.2200E-04  1   0.0 20181114 99999999
F036 121.3745 23.4977   109.0 0 1 CWB  CSMT  FBA 2.4500E-04 2.4500E-04 2.4500E-04  1   0.0 20181115 99999999
F037 121.3936 23.4520    97.0 0 1 CWB  CSMT  FBA 2.4500E-04 2.4500E-04 2.4500E-04  1   0.0 20181115 99999999
F039 121.3593 23.3830   141.0 0 1 CWB  CSMT  FBA 2.4500E-04 2.4500E-04 2.4500E-04  1   0.0 20181115 99999999
F041 121.3026 23.2648   175.0 0 1 CWB  CSMT  FBA 2.4500E-04 2.4500E-04 2.4500E-04  1   0.0 20181115 99999999
F042 121.2645 23.2199   207.0 0 1 CWB  CSMT  FBA 2.4500E-04 2.4500E-04 2.4500E-04  1   0.0 20181115 99999999
F043 121.5476 23.7078     9.0 0 1 CWB  CSMT  FBA 3.2500E-04 3.2500E-04 3.2300E-04  1   0.0 20181115 99999999
F044 121.5363 23.6517    25.0 0 1 CWB  CSMT  FBA 2.4500E-04 2.4500E-04 2.4500E-04  1   0.0 20181115 20211116
F044 121.5363 23.6517    25.0 0 1 CWB  CSMT  FBA 2.4500E-04 2.4500E-04 2.4500E-04  1   0.0 20211116 20220920
F044 121.5363 23.6517    25.0 0 1 CWB  CSMT  FBA 2.4500E-04 2.4500E-04 2.4500E-04  1   0.0 20220920 99999999
F045 121.7494 24.3090    27.0 0 1 CWB  CSMT  FBA 3.2300E-04 3.2400E-04 3.2300E-04  1   0.0 20181115 99999999
F048 121.5805 24.0095    30.0 0 1 CWB  CSMT  FBA 3.2200E-04 3.2100E-04 3.2100E-04  1   0.0 20200728 99999999
F049 121.5645 23.9932    58.0 0 1 CWB  CSMT  FBA 3.1800E-04 3.2000E-04 3.2600E-04  1   0.0 20190310 99999999
F053 121.3204 23.4064   137.0 0 1 CWB  CSMT  FBA 3.1900E-04 3.2000E-04 3.2100E-04  1   0.0 20200912 99999999
F054 121.3487 23.4305    93.0 0 1 CWB  CSMT  FBA 2.4500E-04 2.4500E-04 2.4500E-04  1   0.0 20181115 99999999
F057 121.6229 24.1587   118.0 0 1 CWB  CSMT  FBA 3.2200E-04 3.2700E-04 3.2500E-04  1   0.0 20181115 99999999
F058 121.4928 23.9659   170.0 0 1 CWB  CSMT  FBA 3.2400E-04 3.2300E-04 3.2400E-04  1   0.0 20181115 99999999
F059 121.5073 23.8706    40.0 0 1 CWB  CSMT  FBA 3.2600E-04 3.2600E-04 3.2100E-04  1   0.0 20181115 99999999
F060 121.6020 23.9037    71.0 0 1 CWB  CSMT  FBA 3.2500E-04 3.2400E-04 3.2300E-04  1   0.0 20150513 20181115
F060 121.6017 23.9035    66.0 0 1 CWB  CSMT  FBA 3.2500E-04 3.2400E-04 3.2300E-04  1   0.0 20181115 99999999
F063 121.5929 23.9935    23.0 0 1 CWB  CSMT  FBA 3.2100E-04 3.2200E-04 3.2000E-04  1   0.0 20190223 99999999
F066 121.5116 23.4830    11.0 0 1 CWB  CSMT  FBA 3.2200E-04 3.2000E-04 3.2200E-04  1   0.0 20200818 99999999
F067 121.4688 23.7545    91.0 0 1 CWB  CSMT  FBA 2.4500E-04 2.4500E-04 2.4500E-04  1   0.0 20160418 99999999
F068 121.5509 23.8974    57.0 0 1 CWB  CSMT  FBA 2.4500E-04 2.4500E-04 2.4500E-04  1   0.0 20180917 99999999
F069 121.5713 24.1716   674.0 0 1 CWB  CSMT  FBA 3.1900E-04 3.2100E-04 3.2200E-04  1   0.0 20190218 99999999
F070 121.2939 23.1988   372.0 0 1 CWB  CSMT  FBA 3.2400E-04 3.2500E-04 3.2400E-04  1   0.0 20190309 20220219
F070 121.2939 23.1988   372.0 0 1 CWB  CSMT  FBA 3.2400E-04 3.2500E-04 3.2400E-04  1   0.0 20220219 99999999
F071 121.4275 23.6689   126.0 0 1 CWB  CSMT  FBA 3.2300E-04 3.2300E-04 3.2500E-04  1   0.0 20190325 20200617
F071 121.4275 23.6689   126.0 0 1 CWB  CSMT  FBA 3.2300E-04 3.2300E-04 3.2500E-04  1   0.0 20200617 99999999
F072 121.4817 24.2068  1005.0 0 1 CWB  CSMT  FBA 3.2200E-04 3.2000E-04 3.2300E-04  1   0.0 20190218 20200617
F072 121.4817 24.2068  1005.0 0 1 CWB  CSMT  FBA 3.2200E-04 3.2000E-04 3.2300E-04  1   0.0 20200617 99999999
F073 121.3191 23.3472   138.0 0 1 CWB  CSMT  FBA 3.2500E-04 3.2300E-04 3.2300E-04  1   0.0 20190322 20200617
F073 121.3191 23.3472   138.0 0 1 CWB  CSMT  FBA 3.2500E-04 3.2300E-04 3.2300E-04  1   0.0 20200617 99999999
F074 121.5627 23.7875    34.0 0 1 CWB  CSMT  FBA 3.2300E-04 3.1800E-04 3.1700E-04  1   0.0 20190226 20200617
F074 121.5627 23.7875    34.0 0 1 CWB  CSMT  FBA 3.2300E-04 3.1800E-04 3.1700E-04  1   0.0 20200617 99999999
F075 121.3451 23.4939   173.0 0 1 CWB  CSMT  FBA 3.1700E-04 3.2300E-04 3.2200E-04  1   0.0 20190425 20200617
F075 121.3451 23.4939   173.0 0 1 CWB  CSMT  FBA 3.1700E-04 3.2300E-04 3.2200E-04  1   0.0 20200617 99999999
G001 121.4512 23.3164    63.0 0 1 CWB  CSMT  FBA 3.2000E-04 3.2200E-04 3.2100E-04  1   0.0 20160913 99999999
G002 121.3040 22.9725    46.0 0 1 CWB  CSMT  FBA 3.1900E-04 3.2000E-04 3.1800E-04  1   0.0 20190305 20200617
G002 121.3040 22.9725    46.0 0 1 CWB  CSMT  FBA 3.1900E-04 3.2000E-04 3.1800E-04  1   0.0 20200617 99999999
G003 121.0069 22.6156    28.0 0 1 CWB  CSMT  FBA 3.2100E-04 3.2100E-04 3.2300E-04  1   0.0 20190306 99999999
G011 121.1193 22.7814    38.0 0 1 CWB  CSMT  FBA 2.4500E-04 2.4500E-04 2.4500E-04  1   0.0 20181210 99999999
G014 121.3731 23.0978    37.0 0 1 CWB  CSMT  FBA 3.2000E-04 3.2400E-04 3.2300E-04  1   0.0 20181210 99999999
G015 121.1549 22.7522    12.0 0 1 CWB  CSMT  FBA 3.2600E-04 3.2300E-04 3.2600E-04  1   0.0 20181210 99999999
G016 120.9036 22.3559    11.0 0 1 CWB  CSMT  FBA 3.2400E-04 3.2400E-04 3.2600E-04  1   0.0 20181210 99999999
G017 121.5581 22.0373   309.0 0 1 CWB  CSMT  FBA 3.2300E-04 3.2300E-04 3.2500E-04  1   0.0 20181210 99999999
G018 121.0800 22.8174   199.0 0 1 CWB  CSMT  FBA 3.2300E-04 3.2100E-04 3.2100E-04  1   0.0 20181210 99999999
G020 121.2147 23.1259   278.0 0 1 CWB  CSMT  FBA 2.4500E-04 2.4500E-04 2.4500E-04  1   0.0 20181210 99999999
G021 121.1759 23.1020   307.0 0 1 CWB  CSMT  FBA 2.4500E-04 2.4500E-04 2.4500E-04  1   0.0 20181210 99999999
G022 121.2192 23.0952   286.0 0 1 CWB  CSMT  FBA 3.2500E-04 3.2200E-04 3.2200E-04  1   0.0 20181210 99999999
G023 121.1639 23.0512   231.0 0 1 CWB  CSMT  FBA 2.4500E-04 2.4500E-04 2.4500E-04  1   0.0 20181210 99999999
G024 121.1167 22.9703   281.0 0 1 CWB  CSMT  FBA 3.2200E-04 3.1900E-04 3.2400E-04  1   0.0 20181210 99999999
G025 121.0800 22.9023   247.0 0 1 CWB  CSMT  FBA 2.4500E-04 2.4500E-04 2.4500E-04  1   0.0 20180919 99999999
G026 121.0917 22.8597   227.0 0 1 CWB  CSMT  FBA 2.4500E-04 2.4500E-04 2.4500E-04  1   0.0 20180919 99999999
G028 121.0629 22.7766   135.0 0 1 CWB  CSMT  FBA 3.1900E-04 3.2000E-04 3.2100E-04  1   0.0 20181210 99999999
G030 121.0259 22.6978    56.0 0 1 CWB  CSMT  FBA 3.2100E-04 3.2300E-04 3.2100E-04  1   0.0 20181210 99999999
G031 121.4673 23.3563    48.0 0 1 CWB  CSMT  FBA 2.4500E-04 2.4500E-04 2.4500E-04  1   0.0 20180918 99999999
G032 121.4141 23.2447    31.0 0 1 CWB  CSMT  FBA 3.2000E-04 3.2100E-04 3.2300E-04  1   0.0 20181210 99999999
G033 121.3957 23.1918    11.0 0 1 CWB  CSMT  FBA 3.2300E-04 3.1800E-04 3.2300E-04  1   0.0 20190212 20200617
G033 121.3957 23.1918    11.0 0 1 CWB  CSMT  FBA 3.2300E-04 3.1800E-04 3.2300E-04  1   0.0 20200617 99999999
G035 121.2276 22.8784    56.0 0 1 CWB  CSMT  FBA 2.4500E-04 2.4500E-04 2.4500E-04  1   0.0 20180918 99999999
G036 121.1938 22.7963    34.0 0 1 CWB  CSMT  FBA 3.2000E-04 3.2000E-04 3.1900E-04  1   0.0 20220704 99999999
G037 120.9667 22.5321    24.0 0 1 CWB  CSMT  FBA 2.4500E-04 2.4500E-04 2.4500E-04  1   0.0 20180919 99999999
G038 120.9409 22.4620    17.0 0 1 CWB  CSMT  FBA 3.2000E-04 3.2000E-04 3.1900E-04  1   0.0 20181210 99999999
G041 121.1251 23.1324   437.0 0 1 CWB  CSMT  FBA 3.2100E-04 3.2300E-04 3.2200E-04  1   0.0 20190308 99999999
G045 121.1564 22.9741   190.0 0 1 CWB  CSMT  FBA 2.4500E-04 2.4500E-04 2.4500E-04  1   0.0 20180919 99999999
G046 121.2409 22.9625   189.0 0 1 CWB  CSMT  FBA 3.1900E-04 3.2000E-04 3.2100E-04  1   0.0 20190215 99999999
G047 121.1386 22.8383   113.0 0 1 CWB  CSMT  FBA 3.2500E-04 3.2300E-04 3.2400E-04  1   0.0 20181210 99999999
G048 121.0910 22.7721    59.0 0 1 CWB  CSMT  FBA 3.2100E-04 3.2000E-04 3.2900E-04  1   0.0 20181210 99999999
G049 121.1074 22.7304    21.0 0 1 CWB  CSMT  FBA 3.2100E-04 3.2500E-04 3.2100E-04  1   0.0 20201013 99999999
G051 121.0251 23.1871  1058.0 0 1 CWB  CSMT  FBA 3.2300E-04 3.2400E-04 3.2400E-04  1   0.0 20181210 99999999
G052 120.9617 22.5957    88.0 0 1 CWB  CSMT  FBA 3.2000E-04 3.2200E-04 3.2000E-04  1   0.0 20181210 99999999
G053 120.8564 22.3820   457.0 0 1 CWB  CSMT  FBA 3.2300E-04 3.2300E-04 3.2300E-04  1   0.0 20181210 99999999
G055 121.4693 22.6733     9.0 0 1 CWB  CSMT  FBA 3.1900E-04 3.2200E-04 3.2000E-04  1   0.0 20190319 20200617
G055 121.4693 22.6733     9.0 0 1 CWB  CSMT  FBA 3.1900E-04 3.2200E-04 3.2000E-04  1   0.0 20200617 99999999
G056 121.1525 22.7646    18.0 0 1 CWB  CSMT  FBA 3.2100E-04 3.2200E-04 3.1800E-04  1   0.0 20190306 99999999
G057 121.3304 23.0258    50.0 0 1 CWB  CSMT  FBA 2.4500E-04 2.4500E-04 2.4500E-04  1   0.0 20180918 99999999
G058 120.8649 22.3115   318.0 0 1 CWB  CSMT  FBA 3.2400E-04 3.2600E-04 3.2300E-04  1   0.0 20190213 99999999
G059 121.1299 22.9063   180.0 0 1 CWB  CSMT  FBA 3.2300E-04 3.2300E-04 3.2300E-04  1   0.0 20190307 20200617
G059 121.1299 22.9063   180.0 0 1 CWB  CSMT  FBA 3.2300E-04 3.2300E-04 3.2300E-04  1   0.0 20200617 99999999
G060 120.8880 22.3398    24.0 0 1 CWB  CSMT  FBA 3.2400E-04 3.2400E-04 3.2500E-04  1   0.0 20190214 20200617
G060 120.8880 22.3398    24.0 0 1 CWB  CSMT  FBA 3.2400E-04 3.2400E-04 3.2500E-04  1   0.0 20200617 99999999
G061 121.2061 23.1488   295.0 0 1 CWB  CSMT  FBA 3.2400E-04 3.2200E-04 3.2200E-04  1   0.0 20190309 20200617
G061 121.2061 23.1488   295.0 0 1 CWB  CSMT  FBA 3.2400E-04 3.2200E-04 3.2200E-04  1   0.0 20200617 99999999
G062 121.4530 23.4062   118.7 0 1 CWB  CSMT  FBA 2.4500E-04 2.4500E-04 2.4500E-04  1   0.0 20221117 99999999
H134 121.3033 24.5798   545.0 0 1 CWB  CSMT  FBA 2.4500E-04 2.4500E-04 2.4500E-04  1   0.0 20140316 99999999
H145 121.3125 24.1810  2598.0 0 1 CWB  CSMT  FBA 2.4500E-04 2.4500E-04 2.4500E-04  1   0.0 20140319 99999999
H176 120.9406 24.4653   488.0 0 1 CWB  CSMT  FBA 2.4500E-04 2.4500E-04 2.4500E-04  1   0.0 20140310 99999999
H178 120.8657 24.3528   415.0 0 1 CWB  CSMT  FBA 2.4500E-04 2.4500E-04 2.4500E-04  1   0.0 20180911 99999999
I002 118.2886 24.4075    30.0 0 1 CWB  CSMT  FBA 3.2300E-04 3.2100E-04 3.2000E-04  1   0.0 20181121 99999999
J001 119.9231 26.1695    85.0 0 1 CWB  CSMT  FBA 3.2000E-04 3.2300E-04 3.2300E-04  1   0.0 20141222 20170414
J001 119.9230 26.1692    85.0 0 1 CWB  CSMT  FBA 3.2000E-04 3.2300E-04 3.2300E-04  1   0.0 20170414 99999999
